'Elapsed time','II'
'seconds','mV'
0.000,0.130
0.001,0.138
0.002,0.145
0.003,0.153
0.004,0.161
0.005,0.169
0.006,0.172
0.007,0.175
0.008,0.175
0.009,0.175
0.010,0.179
0.011,0.184
0.012,0.191
0.013,0.197
0.014,0.200
0.015,0.203
0.016,0.203
0.017,0.203
0.018,0.204
0.019,0.206
0.020,0.209
0.021,0.212
0.022,0.212
0.023,0.212
0.024,0.216
0.025,0.219
0.026,0.226
0.027,0.234
0.028,0.238
0.029,0.241
0.030,0.247
0.031,0.253
0.032,0.259
0.033,0.266
0.034,0.267
0.035,0.269
0.036,0.273
0.037,0.278
0.038,0.284
0.039,0.291
0.040,0.294
0.041,0.297
0.042,0.301
0.043,0.306
0.044,0.309
0.045,0.312
0.046,0.319
0.047,0.325
0.048,0.326
0.049,0.328
0.050,0.327
0.051,0.325
0.052,0.331
0.053,0.338
0.054,0.342
0.055,0.347
0.056,0.347
0.057,0.347
0.058,0.353
0.059,0.359
0.060,0.362
0.061,0.366
0.062,0.369
0.063,0.372
0.064,0.376
0.065,0.381
0.066,0.381
0.067,0.381
0.068,0.386
0.069,0.391
0.070,0.389
0.071,0.388
0.072,0.386
0.073,0.384
0.074,0.383
0.075,0.381
0.076,0.380
0.077,0.378
0.078,0.372
0.079,0.366
0.080,0.359
0.081,0.353
0.082,0.350
0.083,0.347
0.084,0.339
0.085,0.331
0.086,0.325
0.087,0.319
0.088,0.314
0.089,0.309
0.090,0.302
0.091,0.294
0.092,0.288
0.093,0.281
0.094,0.275
0.095,0.269
0.096,0.262
0.097,0.256
0.098,0.250
0.099,0.244
0.100,0.236
0.101,0.228
0.102,0.221
0.103,0.212
0.104,0.208
0.105,0.203
0.106,0.194
0.107,0.184
0.108,0.177
0.109,0.169
0.110,0.164
0.111,0.159
0.112,0.150
0.113,0.141
0.114,0.130
0.115,0.119
0.116,0.111
0.117,0.103
0.118,0.100
0.119,0.097
0.120,0.089
0.121,0.081
0.122,0.074
0.123,0.066
0.124,0.058
0.125,0.050
0.126,0.047
0.127,0.044
0.128,0.038
0.129,0.031
0.130,0.025
0.131,0.019
0.132,0.009
0.133,0.000
0.134,-0.003
0.135,-0.006
0.136,-0.006
0.137,-0.006
0.138,-0.006
0.139,-0.006
0.140,-0.012
0.141,-0.019
0.142,-0.022
0.143,-0.025
0.144,-0.025
0.145,-0.025
0.146,-0.028
0.147,-0.031
0.148,-0.032
0.149,-0.034
0.150,-0.042
0.151,-0.050
0.152,-0.054
0.153,-0.059
0.154,-0.061
0.155,-0.062
0.156,-0.061
0.157,-0.059
0.158,-0.059
0.159,-0.059
0.160,-0.061
0.161,-0.062
0.162,-0.064
0.163,-0.066
0.164,-0.067
0.165,-0.069
0.166,-0.069
0.167,-0.069
0.168,-0.069
0.169,-0.069
0.170,-0.069
0.171,-0.069
0.172,-0.070
0.173,-0.072
0.174,-0.073
0.175,-0.075
0.176,-0.074
0.177,-0.072
0.178,-0.072
0.179,-0.072
0.180,-0.075
0.181,-0.078
0.182,-0.081
0.183,-0.084
0.184,-0.080
0.185,-0.075
0.186,-0.079
0.187,-0.084
0.188,-0.084
0.189,-0.084
0.190,-0.084
0.191,-0.084
0.192,-0.086
0.193,-0.088
0.194,-0.088
0.195,-0.088
0.196,-0.089
0.197,-0.091
0.198,-0.091
0.199,-0.091
0.200,-0.091
0.201,-0.091
0.202,-0.091
0.203,-0.091
0.204,-0.088
0.205,-0.084
0.206,-0.084
0.207,-0.084
0.208,-0.086
0.209,-0.088
0.210,-0.091
0.211,-0.094
0.212,-0.095
0.213,-0.097
0.214,-0.096
0.215,-0.094
0.216,-0.095
0.217,-0.097
0.218,-0.097
0.219,-0.097
0.220,-0.100
0.221,-0.103
0.222,-0.104
0.223,-0.106
0.224,-0.106
0.225,-0.106
0.226,-0.106
0.227,-0.106
0.228,-0.108
0.229,-0.109
0.230,-0.109
0.231,-0.109
0.232,-0.109
0.233,-0.109
0.234,-0.109
0.235,-0.109
0.236,-0.111
0.237,-0.112
0.238,-0.111
0.239,-0.109
0.240,-0.109
0.241,-0.109
0.242,-0.111
0.243,-0.112
0.244,-0.112
0.245,-0.112
0.246,-0.114
0.247,-0.116
0.248,-0.114
0.249,-0.116
0.250,-0.116
0.251,-0.119
0.252,-0.119
0.253,-0.119
0.254,-0.118
0.255,-0.116
0.256,-0.116
0.257,-0.112
0.258,-0.112
0.259,-0.112
0.260,-0.111
0.261,-0.112
0.262,-0.117
0.263,-0.119
0.264,-0.125
0.265,-0.125
0.266,-0.123
0.267,-0.125
0.268,-0.119
0.269,-0.122
0.270,-0.123
0.271,-0.125
0.272,-0.122
0.273,-0.122
0.274,-0.119
0.275,-0.119
0.276,-0.122
0.277,-0.122
0.278,-0.128
0.279,-0.125
0.280,-0.124
0.281,-0.125
0.282,-0.125
0.283,-0.125
0.284,-0.127
0.285,-0.125
0.286,-0.129
0.287,-0.128
0.288,-0.128
0.289,-0.128
0.290,-0.127
0.291,-0.125
0.292,-0.128
0.293,-0.125
0.294,-0.129
0.295,-0.128
0.296,-0.131
0.297,-0.131
0.298,-0.129
0.299,-0.131
0.300,-0.130
0.301,-0.131
0.302,-0.128
0.303,-0.125
0.304,-0.129
0.305,-0.128
0.306,-0.121
0.307,-0.122
0.308,-0.126
0.309,-0.128
0.310,-0.128
0.311,-0.128
0.312,-0.131
0.313,-0.131
0.314,-0.130
0.315,-0.131
0.316,-0.131
0.317,-0.131
0.318,-0.128
0.319,-0.125
0.320,-0.124
0.321,-0.125
0.322,-0.126
0.323,-0.125
0.324,-0.131
0.325,-0.134
0.326,-0.132
0.327,-0.138
0.328,-0.138
0.329,-0.138
0.330,-0.138
0.331,-0.141
0.332,-0.139
0.333,-0.141
0.334,-0.142
0.335,-0.144
0.336,-0.138
0.337,-0.134
0.338,-0.134
0.339,-0.131
0.340,-0.134
0.341,-0.134
0.342,-0.134
0.343,-0.131
0.344,-0.130
0.345,-0.131
0.346,-0.131
0.347,-0.134
0.348,-0.133
0.349,-0.131
0.350,-0.132
0.351,-0.131
0.352,-0.132
0.353,-0.134
0.354,-0.134
0.355,-0.134
0.356,-0.128
0.357,-0.125
0.358,-0.128
0.359,-0.128
0.360,-0.134
0.361,-0.141
0.362,-0.141
0.363,-0.147
0.364,-0.148
0.365,-0.150
0.366,-0.146
0.367,-0.147
0.368,-0.148
0.369,-0.147
0.370,-0.144
0.371,-0.141
0.372,-0.141
0.373,-0.141
0.374,-0.144
0.375,-0.141
0.376,-0.139
0.377,-0.134
0.378,-0.136
0.379,-0.138
0.380,-0.142
0.381,-0.144
0.382,-0.142
0.383,-0.144
0.384,-0.144
0.385,-0.144
0.386,-0.142
0.387,-0.141
0.388,-0.141
0.389,-0.141
0.390,-0.142
0.391,-0.141
0.392,-0.142
0.393,-0.141
0.394,-0.142
0.395,-0.138
0.396,-0.130
0.397,-0.128
0.398,-0.133
0.399,-0.134
0.400,-0.138
0.401,-0.138
0.402,-0.136
0.403,-0.131
0.404,-0.134
0.405,-0.138
0.406,-0.138
0.407,-0.141
0.408,-0.139
0.409,-0.141
0.410,-0.139
0.411,-0.141
0.412,-0.142
0.413,-0.141
0.414,-0.142
0.415,-0.141
0.416,-0.142
0.417,-0.144
0.418,-0.141
0.419,-0.141
0.420,-0.141
0.421,-0.144
0.422,-0.139
0.423,-0.138
0.424,-0.141
0.425,-0.141
0.426,-0.141
0.427,-0.141
0.428,-0.142
0.429,-0.144
0.430,-0.141
0.431,-0.144
0.432,-0.145
0.433,-0.147
0.434,-0.147
0.435,-0.147
0.436,-0.148
0.437,-0.150
0.438,-0.149
0.439,-0.150
0.440,-0.149
0.441,-0.144
0.442,-0.146
0.443,-0.144
0.444,-0.142
0.445,-0.144
0.446,-0.144
0.447,-0.144
0.448,-0.144
0.449,-0.144
0.450,-0.145
0.451,-0.144
0.452,-0.142
0.453,-0.144
0.454,-0.146
0.455,-0.141
0.456,-0.139
0.457,-0.141
0.458,-0.142
0.459,-0.144
0.460,-0.142
0.461,-0.144
0.462,-0.142
0.463,-0.141
0.464,-0.136
0.465,-0.131
0.466,-0.131
0.467,-0.128
0.468,-0.130
0.469,-0.128
0.470,-0.132
0.471,-0.134
0.472,-0.136
0.473,-0.141
0.474,-0.145
0.475,-0.144
0.476,-0.142
0.477,-0.144
0.478,-0.141
0.479,-0.141
0.480,-0.145
0.481,-0.144
0.482,-0.145
0.483,-0.147
0.484,-0.144
0.485,-0.141
0.486,-0.139
0.487,-0.141
0.488,-0.141
0.489,-0.141
0.490,-0.141
0.491,-0.141
0.492,-0.142
0.493,-0.141
0.494,-0.144
0.495,-0.141
0.496,-0.142
0.497,-0.144
0.498,-0.144
0.499,-0.144
0.500,-0.151
0.501,-0.150
0.502,-0.147
0.503,-0.147
0.504,-0.150
0.505,-0.147
0.506,-0.148
0.507,-0.147
0.508,-0.146
0.509,-0.147
0.510,-0.144
0.511,-0.144
0.512,-0.141
0.513,-0.141
0.514,-0.141
0.515,-0.141
0.516,-0.141
0.517,-0.144
0.518,-0.142
0.519,-0.141
0.520,-0.142
0.521,-0.144
0.522,-0.139
0.523,-0.138
0.524,-0.139
0.525,-0.141
0.526,-0.145
0.527,-0.144
0.528,-0.141
0.529,-0.138
0.530,-0.141
0.531,-0.141
0.532,-0.141
0.533,-0.141
0.534,-0.141
0.535,-0.144
0.536,-0.142
0.537,-0.144
0.538,-0.145
0.539,-0.147
0.540,-0.150
0.541,-0.144
0.542,-0.141
0.543,-0.141
0.544,-0.141
0.545,-0.141
0.546,-0.144
0.547,-0.144
0.548,-0.141
0.549,-0.138
0.550,-0.141
0.551,-0.141
0.552,-0.134
0.553,-0.134
0.554,-0.133
0.555,-0.131
0.556,-0.131
0.557,-0.131
0.558,-0.129
0.559,-0.125
0.560,-0.120
0.561,-0.109
0.562,-0.096
0.563,-0.088
0.564,-0.083
0.565,-0.075
0.566,-0.070
0.567,-0.066
0.568,-0.054
0.569,-0.047
0.570,-0.041
0.571,-0.034
0.572,-0.027
0.573,-0.022
0.574,-0.024
0.575,-0.022
0.576,-0.018
0.577,-0.016
0.578,-0.016
0.579,-0.016
0.580,-0.019
0.581,-0.016
0.582,-0.023
0.583,-0.028
0.584,-0.029
0.585,-0.028
0.586,-0.025
0.587,-0.022
0.588,-0.016
0.589,-0.006
0.590,0.003
0.591,0.012
0.592,0.020
0.593,0.031
0.594,0.038
0.595,0.050
0.596,0.058
0.597,0.062
0.598,0.061
0.599,0.066
0.600,0.073
0.601,0.072
0.602,0.066
0.603,0.062
0.604,0.064
0.605,0.059
0.606,0.054
0.607,0.050
0.608,0.044
0.609,0.038
0.610,0.034
0.611,0.028
0.612,0.028
0.613,0.028
0.614,0.025
0.615,0.022
0.616,0.018
0.617,0.009
0.618,0.009
0.619,0.009
0.620,0.009
0.621,0.006
0.622,0.003
0.623,-0.003
0.624,-0.008
0.625,-0.012
0.626,-0.012
0.627,-0.016
0.628,-0.025
0.629,-0.028
0.630,-0.027
0.631,-0.031
0.632,-0.042
0.633,-0.047
0.634,-0.054
0.635,-0.066
0.636,-0.074
0.637,-0.081
0.638,-0.083
0.639,-0.091
0.640,-0.097
0.641,-0.103
0.642,-0.112
0.643,-0.122
0.644,-0.126
0.645,-0.131
0.646,-0.138
0.647,-0.141
0.648,-0.144
0.649,-0.153
0.650,-0.156
0.651,-0.162
0.652,-0.162
0.653,-0.166
0.654,-0.167
0.655,-0.169
0.656,-0.164
0.657,-0.166
0.658,-0.164
0.659,-0.162
0.660,-0.167
0.661,-0.166
0.662,-0.164
0.663,-0.162
0.664,-0.164
0.665,-0.162
0.666,-0.162
0.667,-0.166
0.668,-0.161
0.669,-0.162
0.670,-0.158
0.671,-0.159
0.672,-0.162
0.673,-0.162
0.674,-0.161
0.675,-0.159
0.676,-0.159
0.677,-0.159
0.678,-0.161
0.679,-0.159
0.680,-0.159
0.681,-0.162
0.682,-0.162
0.683,-0.162
0.684,-0.164
0.685,-0.166
0.686,-0.164
0.687,-0.166
0.688,-0.164
0.689,-0.166
0.690,-0.164
0.691,-0.166
0.692,-0.166
0.693,-0.166
0.694,-0.164
0.695,-0.162
0.696,-0.155
0.697,-0.156
0.698,-0.159
0.699,-0.159
0.700,-0.159
0.701,-0.172
0.702,-0.180
0.703,-0.191
0.704,-0.214
0.705,-0.238
0.706,-0.264
0.707,-0.284
0.708,-0.297
0.709,-0.306
0.710,-0.300
0.711,-0.284
0.712,-0.270
0.713,-0.250
0.714,-0.217
0.715,-0.178
0.716,-0.130
0.717,-0.084
0.718,-0.044
0.719,0.009
0.720,0.073
0.721,0.138
0.722,0.189
0.723,0.244
0.724,0.303
0.725,0.384
0.726,0.483
0.727,0.588
0.728,0.688
0.729,0.781
0.730,0.891
0.731,1.003
0.732,1.119
0.733,1.228
0.734,1.329
0.735,1.416
0.736,1.476
0.737,1.522
0.738,1.533
0.739,1.522
0.740,1.503
0.741,1.484
0.742,1.441
0.743,1.403
0.744,1.372
0.745,1.316
0.746,1.263
0.747,1.172
0.748,1.042
0.749,0.919
0.750,0.781
0.751,0.647
0.752,0.536
0.753,0.438
0.754,0.377
0.755,0.325
0.756,0.288
0.757,0.250
0.758,0.216
0.759,0.178
0.760,0.147
0.761,0.112
0.762,0.074
0.763,0.047
0.764,0.030
0.765,0.009
0.766,-0.009
0.767,-0.022
0.768,-0.028
0.769,-0.031
0.770,-0.027
0.771,-0.022
0.772,-0.008
0.773,0.003
0.774,0.009
0.775,0.009
0.776,0.003
0.777,0.000
0.778,-0.005
0.779,-0.009
0.780,-0.020
0.781,-0.031
0.782,-0.034
0.783,-0.044
0.784,-0.049
0.785,-0.050
0.786,-0.052
0.787,-0.050
0.788,-0.053
0.789,-0.056
0.790,-0.067
0.791,-0.072
0.792,-0.080
0.793,-0.078
0.794,-0.081
0.795,-0.084
0.796,-0.089
0.797,-0.097
0.798,-0.098
0.799,-0.100
0.800,-0.099
0.801,-0.097
0.802,-0.094
0.803,-0.094
0.804,-0.091
0.805,-0.091
0.806,-0.095
0.807,-0.097
0.808,-0.096
0.809,-0.097
0.810,-0.098
0.811,-0.100
0.812,-0.103
0.813,-0.103
0.814,-0.103
0.815,-0.106
0.816,-0.103
0.817,-0.106
0.818,-0.106
0.819,-0.106
0.820,-0.102
0.821,-0.100
0.822,-0.097
0.823,-0.097
0.824,-0.097
0.825,-0.097
0.826,-0.096
0.827,-0.097
0.828,-0.095
0.829,-0.097
0.830,-0.094
0.831,-0.094
0.832,-0.094
0.833,-0.094
0.834,-0.092
0.835,-0.091
0.836,-0.095
0.837,-0.094
0.838,-0.092
0.839,-0.094
0.840,-0.092
0.841,-0.091
0.842,-0.088
0.843,-0.091
0.844,-0.089
0.845,-0.091
0.846,-0.091
0.847,-0.091
0.848,-0.088
0.849,-0.088
0.850,-0.084
0.851,-0.088
0.852,-0.089
0.853,-0.091
0.854,-0.091
0.855,-0.088
0.856,-0.083
0.857,-0.081
0.858,-0.077
0.859,-0.072
0.860,-0.075
0.861,-0.075
0.862,-0.076
0.863,-0.075
0.864,-0.071
0.865,-0.062
0.866,-0.062
0.867,-0.062
0.868,-0.061
0.869,-0.056
0.870,-0.056
0.871,-0.056
0.872,-0.056
0.873,-0.056
0.874,-0.052
0.875,-0.050
0.876,-0.051
0.877,-0.053
0.878,-0.050
0.879,-0.050
0.880,-0.050
0.881,-0.050
0.882,-0.053
0.883,-0.050
0.884,-0.046
0.885,-0.044
0.886,-0.041
0.887,-0.041
0.888,-0.039
0.889,-0.034
0.890,-0.033
0.891,-0.028
0.892,-0.029
0.893,-0.028
0.894,-0.029
0.895,-0.028
0.896,-0.026
0.897,-0.028
0.898,-0.025
0.899,-0.028
0.900,-0.029
0.901,-0.031
0.902,-0.028
0.903,-0.022
0.904,-0.017
0.905,-0.016
0.906,-0.016
0.907,-0.016
0.908,-0.017
0.909,-0.016
0.910,-0.014
0.911,-0.012
0.912,-0.009
0.913,-0.006
0.914,-0.005
0.915,-0.003
0.916,0.000
0.917,0.003
0.918,0.000
0.919,0.006
0.920,0.012
0.921,0.016
0.922,0.011
0.923,0.009
0.924,0.011
0.925,0.009
0.926,0.008
0.927,0.006
0.928,0.014
0.929,0.016
0.930,0.019
0.931,0.019
0.932,0.020
0.933,0.025
0.934,0.024
0.935,0.025
0.936,0.027
0.937,0.028
0.938,0.034
0.939,0.041
0.940,0.038
0.941,0.034
0.942,0.039
0.943,0.041
0.944,0.045
0.945,0.053
0.946,0.051
0.947,0.056
0.948,0.056
0.949,0.053
0.950,0.056
0.951,0.059
0.952,0.062
0.953,0.069
0.954,0.075
0.955,0.081
0.956,0.077
0.957,0.078
0.958,0.084
0.959,0.084
0.960,0.088
0.961,0.088
0.962,0.094
0.963,0.097
0.964,0.096
0.965,0.097
0.966,0.100
0.967,0.100
0.968,0.106
0.969,0.109
0.970,0.114
0.971,0.116
0.972,0.121
0.973,0.119
0.974,0.117
0.975,0.122
0.976,0.126
0.977,0.134
0.978,0.138
0.979,0.138
0.980,0.142
0.981,0.147
0.982,0.148
0.983,0.153
0.984,0.159
0.985,0.162
0.986,0.169
0.987,0.169
0.988,0.179
0.989,0.184
0.990,0.194
0.991,0.194
0.992,0.194
0.993,0.194
0.994,0.203
0.995,0.209
0.996,0.208
0.997,0.212
0.998,0.216
0.999,0.212
1.000,0.217
1.001,0.219
1.002,0.223
1.003,0.225
1.004,0.228
1.005,0.234
1.006,0.244
1.007,0.244
1.008,0.246
1.009,0.247
1.010,0.253
1.011,0.253
1.012,0.262
1.013,0.269
1.014,0.267
1.015,0.272
1.016,0.272
1.017,0.272
1.018,0.276
1.019,0.284
1.020,0.286
1.021,0.288
1.022,0.297
1.023,0.303
1.024,0.304
1.025,0.306
1.026,0.309
1.027,0.312
1.028,0.319
1.029,0.325
1.030,0.328
1.031,0.331
1.032,0.336
1.033,0.341
1.034,0.350
1.035,0.359
1.036,0.364
1.037,0.366
1.038,0.369
1.039,0.375
1.040,0.377
1.041,0.381
1.042,0.380
1.043,0.381
1.044,0.386
1.045,0.388
1.046,0.394
1.047,0.397
1.048,0.394
1.049,0.394
1.050,0.396
1.051,0.397
1.052,0.393
1.053,0.394
1.054,0.397
1.055,0.397
1.056,0.395
1.057,0.397
1.058,0.391
1.059,0.391
1.060,0.392
1.061,0.394
1.062,0.391
1.063,0.388
1.064,0.383
1.065,0.381
1.066,0.374
1.067,0.369
1.068,0.367
1.069,0.359
1.070,0.354
1.071,0.350
1.072,0.348
1.073,0.341
1.074,0.334
1.075,0.328
1.076,0.322
1.077,0.312
1.078,0.309
1.079,0.303
1.080,0.297
1.081,0.288
1.082,0.275
1.083,0.269
1.084,0.259
1.085,0.250
1.086,0.242
1.087,0.238
1.088,0.230
1.089,0.222
1.090,0.209
1.091,0.203
1.092,0.195
1.093,0.191
1.094,0.186
1.095,0.181
1.096,0.172
1.097,0.166
1.098,0.156
1.099,0.147
1.100,0.138
1.101,0.125
1.102,0.119
1.103,0.112
1.104,0.109
1.105,0.103
1.106,0.096
1.107,0.088
1.108,0.083
1.109,0.078
1.110,0.073
1.111,0.066
1.112,0.058
1.113,0.053
1.114,0.046
1.115,0.041
1.116,0.032
1.117,0.028
1.118,0.027
1.119,0.022
1.120,0.019
1.121,0.016
1.122,0.009
1.123,0.009
1.124,0.009
1.125,0.003
1.126,0.000
1.127,-0.006
1.128,-0.009
1.129,-0.009
1.130,-0.005
1.131,-0.009
1.132,-0.016
1.133,-0.016
1.134,-0.020
1.135,-0.028
1.136,-0.031
1.137,-0.034
1.138,-0.033
1.139,-0.034
1.140,-0.038
1.141,-0.038
1.142,-0.039
1.143,-0.044
1.144,-0.045
1.145,-0.050
1.146,-0.050
1.147,-0.050
1.148,-0.052
1.149,-0.053
1.150,-0.053
1.151,-0.053
1.152,-0.053
1.153,-0.053
1.154,-0.056
1.155,-0.059
1.156,-0.061
1.157,-0.059
1.158,-0.062
1.159,-0.062
1.160,-0.061
1.161,-0.062
1.162,-0.064
1.163,-0.066
1.164,-0.062
1.165,-0.066
1.166,-0.069
1.167,-0.072
1.168,-0.071
1.169,-0.069
1.170,-0.071
1.171,-0.069
1.172,-0.069
1.173,-0.069
1.174,-0.069
1.175,-0.066
1.176,-0.070
1.177,-0.075
1.178,-0.069
1.179,-0.072
1.180,-0.072
1.181,-0.072
1.182,-0.073
1.183,-0.075
1.184,-0.074
1.185,-0.075
1.186,-0.074
1.187,-0.072
1.188,-0.073
1.189,-0.075
1.190,-0.075
1.191,-0.075
1.192,-0.075
1.193,-0.075
1.194,-0.074
1.195,-0.072
1.196,-0.071
1.197,-0.069
1.198,-0.073
1.199,-0.072
1.200,-0.072
1.201,-0.075
1.202,-0.076
1.203,-0.081
1.204,-0.081
1.205,-0.084
1.206,-0.081
1.207,-0.084
1.208,-0.084
1.209,-0.084
1.210,-0.086
1.211,-0.088
1.212,-0.089
1.213,-0.088
1.214,-0.086
1.215,-0.084
1.216,-0.089
1.217,-0.088
1.218,-0.088
1.219,-0.088
1.220,-0.092
1.221,-0.091
1.222,-0.095
1.223,-0.100
1.224,-0.100
1.225,-0.100
1.226,-0.099
1.227,-0.100
1.228,-0.099
1.229,-0.097
1.230,-0.100
1.231,-0.100
1.232,-0.103
1.233,-0.100
1.234,-0.096
1.235,-0.094
1.236,-0.096
1.237,-0.094
1.238,-0.097
1.239,-0.097
1.240,-0.094
1.241,-0.097
1.242,-0.098
1.243,-0.100
1.244,-0.099
1.245,-0.100
1.246,-0.098
1.247,-0.100
1.248,-0.101
1.249,-0.103
1.250,-0.104
1.251,-0.109
1.252,-0.111
1.253,-0.109
1.254,-0.109
1.255,-0.109
1.256,-0.109
1.257,-0.109
1.258,-0.108
1.259,-0.106
1.260,-0.109
1.261,-0.109
1.262,-0.109
1.263,-0.109
1.264,-0.112
1.265,-0.116
1.266,-0.117
1.267,-0.119
1.268,-0.116
1.269,-0.116
1.270,-0.117
1.271,-0.116
1.272,-0.116
1.273,-0.116
1.274,-0.118
1.275,-0.116
1.276,-0.120
1.277,-0.119
1.278,-0.118
1.279,-0.116
1.280,-0.114
1.281,-0.112
1.282,-0.117
1.283,-0.116
1.284,-0.116
1.285,-0.116
1.286,-0.117
1.287,-0.122
1.288,-0.118
1.289,-0.119
1.290,-0.116
1.291,-0.116
1.292,-0.116
1.293,-0.116
1.294,-0.119
1.295,-0.125
1.296,-0.123
1.297,-0.125
1.298,-0.124
1.299,-0.128
1.300,-0.128
1.301,-0.128
1.302,-0.128
1.303,-0.128
1.304,-0.128
1.305,-0.128
1.306,-0.128
1.307,-0.128
1.308,-0.125
1.309,-0.125
1.310,-0.127
1.311,-0.128
1.312,-0.127
1.313,-0.122
1.314,-0.122
1.315,-0.122
1.316,-0.125
1.317,-0.125
1.318,-0.124
1.319,-0.125
1.320,-0.125
1.321,-0.125
1.322,-0.131
1.323,-0.134
1.324,-0.132
1.325,-0.134
1.326,-0.136
1.327,-0.134
1.328,-0.131
1.329,-0.131
1.330,-0.133
1.331,-0.131
1.332,-0.132
1.333,-0.138
1.334,-0.139
1.335,-0.141
1.336,-0.136
1.337,-0.131
1.338,-0.133
1.339,-0.131
1.340,-0.131
1.341,-0.131
1.342,-0.134
1.343,-0.134
1.344,-0.130
1.345,-0.131
1.346,-0.131
1.347,-0.134
1.348,-0.132
1.349,-0.134
1.350,-0.136
1.351,-0.138
1.352,-0.141
1.353,-0.141
1.354,-0.139
1.355,-0.134
1.356,-0.131
1.357,-0.134
1.358,-0.134
1.359,-0.138
1.360,-0.139
1.361,-0.141
1.362,-0.141
1.363,-0.138
1.364,-0.134
1.365,-0.131
1.366,-0.136
1.367,-0.134
1.368,-0.134
1.369,-0.134
1.370,-0.134
1.371,-0.138
1.372,-0.138
1.373,-0.138
1.374,-0.141
1.375,-0.138
1.376,-0.138
1.377,-0.144
1.378,-0.142
1.379,-0.141
1.380,-0.141
1.381,-0.134
1.382,-0.132
1.383,-0.134
1.384,-0.131
1.385,-0.131
1.386,-0.132
1.387,-0.134
1.388,-0.139
1.389,-0.141
1.390,-0.142
1.391,-0.141
1.392,-0.141
1.393,-0.144
1.394,-0.144
1.395,-0.144
1.396,-0.144
1.397,-0.144
1.398,-0.144
1.399,-0.144
1.400,-0.145
1.401,-0.144
1.402,-0.144
1.403,-0.147
1.404,-0.142
1.405,-0.144
1.406,-0.145
1.407,-0.147
1.408,-0.141
1.409,-0.141
1.410,-0.139
1.411,-0.141
1.412,-0.144
1.413,-0.144
1.414,-0.144
1.415,-0.144
1.416,-0.145
1.417,-0.147
1.418,-0.147
1.419,-0.147
1.420,-0.148
1.421,-0.150
1.422,-0.146
1.423,-0.144
1.424,-0.142
1.425,-0.144
1.426,-0.142
1.427,-0.141
1.428,-0.142
1.429,-0.141
1.430,-0.139
1.431,-0.138
1.432,-0.144
1.433,-0.144
1.434,-0.146
1.435,-0.147
1.436,-0.147
1.437,-0.144
1.438,-0.144
1.439,-0.144
1.440,-0.141
1.441,-0.144
1.442,-0.144
1.443,-0.144
1.444,-0.142
1.445,-0.141
1.446,-0.141
1.447,-0.141
1.448,-0.139
1.449,-0.141
1.450,-0.144
1.451,-0.144
1.452,-0.147
1.453,-0.147
1.454,-0.144
1.455,-0.144
1.456,-0.144
1.457,-0.144
1.458,-0.145
1.459,-0.147
1.460,-0.147
1.461,-0.144
1.462,-0.142
1.463,-0.144
1.464,-0.148
1.465,-0.147
1.466,-0.146
1.467,-0.147
1.468,-0.147
1.469,-0.147
1.470,-0.142
1.471,-0.141
1.472,-0.141
1.473,-0.141
1.474,-0.142
1.475,-0.144
1.476,-0.144
1.477,-0.141
1.478,-0.142
1.479,-0.141
1.480,-0.144
1.481,-0.144
1.482,-0.142
1.483,-0.144
1.484,-0.148
1.485,-0.147
1.486,-0.144
1.487,-0.144
1.488,-0.142
1.489,-0.144
1.490,-0.148
1.491,-0.147
1.492,-0.144
1.493,-0.141
1.494,-0.141
1.495,-0.141
1.496,-0.141
1.497,-0.144
1.498,-0.144
1.499,-0.144
1.500,-0.144
1.501,-0.144
1.502,-0.145
1.503,-0.144
1.504,-0.146
1.505,-0.141
1.506,-0.141
1.507,-0.141
1.508,-0.141
1.509,-0.141
1.510,-0.148
1.511,-0.147
1.512,-0.144
1.513,-0.144
1.514,-0.147
1.515,-0.144
1.516,-0.145
1.517,-0.144
1.518,-0.144
1.519,-0.147
1.520,-0.144
1.521,-0.144
1.522,-0.142
1.523,-0.144
1.524,-0.144
1.525,-0.144
1.526,-0.142
1.527,-0.144
1.528,-0.144
1.529,-0.144
1.530,-0.144
1.531,-0.144
1.532,-0.144
1.533,-0.147
1.534,-0.147
1.535,-0.147
1.536,-0.149
1.537,-0.144
1.538,-0.142
1.539,-0.141
1.540,-0.144
1.541,-0.144
1.542,-0.144
1.543,-0.144
1.544,-0.142
1.545,-0.144
1.546,-0.138
1.547,-0.134
1.548,-0.136
1.549,-0.138
1.550,-0.144
1.551,-0.141
1.552,-0.139
1.553,-0.141
1.554,-0.141
1.555,-0.141
1.556,-0.141
1.557,-0.138
1.558,-0.138
1.559,-0.138
1.560,-0.141
1.561,-0.141
1.562,-0.133
1.563,-0.131
1.564,-0.131
1.565,-0.131
1.566,-0.129
1.567,-0.128
1.568,-0.121
1.569,-0.109
1.570,-0.102
1.571,-0.088
1.572,-0.079
1.573,-0.078
1.574,-0.074
1.575,-0.066
1.576,-0.059
1.577,-0.053
1.578,-0.044
1.579,-0.038
1.580,-0.031
1.581,-0.025
1.582,-0.019
1.583,-0.016
1.584,-0.019
1.585,-0.019
1.586,-0.016
1.587,-0.016
1.588,-0.018
1.589,-0.019
1.590,-0.023
1.591,-0.022
1.592,-0.024
1.593,-0.022
1.594,-0.022
1.595,-0.019
1.596,-0.011
1.597,-0.003
1.598,0.000
1.599,0.006
1.600,0.016
1.601,0.025
1.602,0.034
1.603,0.047
1.604,0.050
1.605,0.059
1.606,0.064
1.607,0.066
1.608,0.062
1.609,0.066
1.610,0.072
1.611,0.069
1.612,0.066
1.613,0.066
1.614,0.066
1.615,0.059
1.616,0.053
1.617,0.047
1.618,0.038
1.619,0.028
1.620,0.029
1.621,0.028
1.622,0.028
1.623,0.028
1.624,0.022
1.625,0.016
1.626,0.011
1.627,0.003
1.628,0.002
1.629,0.000
1.630,-0.001
1.631,-0.006
1.632,-0.011
1.633,-0.019
1.634,-0.022
1.635,-0.025
1.636,-0.024
1.637,-0.025
1.638,-0.033
1.639,-0.034
1.640,-0.034
1.641,-0.041
1.642,-0.053
1.643,-0.059
1.644,-0.066
1.645,-0.075
1.646,-0.084
1.647,-0.094
1.648,-0.094
1.649,-0.100
1.650,-0.106
1.651,-0.112
1.652,-0.123
1.653,-0.134
1.654,-0.134
1.655,-0.134
1.656,-0.139
1.657,-0.141
1.658,-0.144
1.659,-0.153
1.660,-0.154
1.661,-0.159
1.662,-0.159
1.663,-0.162
1.664,-0.164
1.665,-0.166
1.666,-0.169
1.667,-0.178
1.668,-0.178
1.669,-0.178
1.670,-0.178
1.671,-0.172
1.672,-0.173
1.673,-0.175
1.674,-0.178
1.675,-0.178
1.676,-0.178
1.677,-0.181
1.678,-0.178
1.679,-0.181
1.680,-0.177
1.681,-0.178
1.682,-0.181
1.683,-0.181
1.684,-0.181
1.685,-0.181
1.686,-0.181
1.687,-0.181
1.688,-0.180
1.689,-0.175
1.690,-0.172
1.691,-0.172
1.692,-0.173
1.693,-0.175
1.694,-0.175
1.695,-0.175
1.696,-0.172
1.697,-0.172
1.698,-0.169
1.699,-0.169
1.700,-0.167
1.701,-0.169
1.702,-0.169
1.703,-0.169
1.704,-0.169
1.705,-0.169
1.706,-0.161
1.707,-0.162
1.708,-0.169
1.709,-0.172
1.710,-0.176
1.711,-0.194
1.712,-0.205
1.713,-0.219
1.714,-0.241
1.715,-0.262
1.716,-0.288
1.717,-0.306
1.718,-0.309
1.719,-0.309
1.720,-0.295
1.721,-0.272
1.722,-0.250
1.723,-0.222
1.724,-0.184
1.725,-0.141
1.726,-0.095
1.727,-0.053
1.728,-0.012
1.729,0.041
1.730,0.099
1.731,0.156
1.732,0.211
1.733,0.269
1.734,0.341
1.735,0.434
1.736,0.533
1.737,0.638
1.738,0.741
1.739,0.837
1.740,0.950
1.741,1.066
1.742,1.172
1.743,1.272
1.744,1.347
1.745,1.406
1.746,1.447
1.747,1.472
1.748,1.476
1.749,1.459
1.750,1.424
1.751,1.387
1.752,1.341
1.753,1.300
1.754,1.254
1.755,1.184
1.756,1.116
1.757,1.009
1.758,0.872
1.759,0.741
1.760,0.616
1.761,0.494
1.762,0.414
1.763,0.347
1.764,0.306
1.765,0.275
1.766,0.242
1.767,0.209
1.768,0.175
1.769,0.138
1.770,0.103
1.771,0.066
1.772,0.038
1.773,0.022
1.774,0.014
1.775,0.003
1.776,-0.012
1.777,-0.022
1.778,-0.025
1.779,-0.025
1.780,-0.018
1.781,-0.009
1.782,-0.003
1.783,0.000
1.784,0.000
1.785,-0.006
1.786,-0.012
1.787,-0.016
1.788,-0.023
1.789,-0.031
1.790,-0.038
1.791,-0.044
1.792,-0.045
1.793,-0.053
1.794,-0.058
1.795,-0.059
1.796,-0.066
1.797,-0.069
1.798,-0.072
1.799,-0.075
1.800,-0.082
1.801,-0.084
1.802,-0.091
1.803,-0.088
1.804,-0.092
1.805,-0.097
1.806,-0.097
1.807,-0.100
1.808,-0.101
1.809,-0.103
1.810,-0.102
1.811,-0.100
1.812,-0.100
1.813,-0.103
1.814,-0.102
1.815,-0.103
1.816,-0.105
1.817,-0.103
1.818,-0.103
1.819,-0.106
1.820,-0.106
1.821,-0.106
1.822,-0.108
1.823,-0.106
1.824,-0.106
1.825,-0.109
1.826,-0.108
1.827,-0.112
1.828,-0.112
1.829,-0.112
1.830,-0.109
1.831,-0.109
1.832,-0.108
1.833,-0.109
1.834,-0.109
1.835,-0.109
1.836,-0.108
1.837,-0.109
1.838,-0.106
1.839,-0.106
1.840,-0.103
1.841,-0.103
1.842,-0.103
1.843,-0.103
1.844,-0.102
1.845,-0.100
1.846,-0.104
1.847,-0.103
1.848,-0.101
1.849,-0.103
1.850,-0.100
1.851,-0.097
1.852,-0.092
1.853,-0.094
1.854,-0.092
1.855,-0.094
1.856,-0.095
1.857,-0.097
1.858,-0.092
1.859,-0.091
1.860,-0.086
1.861,-0.088
1.862,-0.084
1.863,-0.081
1.864,-0.084
1.865,-0.084
1.866,-0.082
1.867,-0.084
1.868,-0.083
1.869,-0.081
1.870,-0.083
1.871,-0.081
1.872,-0.080
1.873,-0.075
1.874,-0.073
1.875,-0.069
1.876,-0.069
1.877,-0.069
1.878,-0.070
1.879,-0.069
1.880,-0.068
1.881,-0.066
1.882,-0.062
1.883,-0.059
1.884,-0.056
1.885,-0.056
1.886,-0.055
1.887,-0.053
1.888,-0.051
1.889,-0.053
1.890,-0.053
1.891,-0.053
1.892,-0.056
1.893,-0.053
1.894,-0.050
1.895,-0.050
1.896,-0.048
1.897,-0.050
1.898,-0.051
1.899,-0.050
1.900,-0.049
1.901,-0.044
1.902,-0.041
1.903,-0.034
1.904,-0.036
1.905,-0.034
1.906,-0.028
1.907,-0.025
1.908,-0.019
1.909,-0.019
1.910,-0.020
1.911,-0.022
1.912,-0.025
1.913,-0.025
1.914,-0.019
1.915,-0.016
1.916,-0.016
1.917,-0.016
1.918,-0.017
1.919,-0.016
1.920,-0.017
1.921,-0.019
1.922,-0.014
1.923,-0.009
1.924,-0.005
1.925,0.000
1.926,0.001
1.927,0.003
1.928,0.002
1.929,0.009
1.930,0.012
1.931,0.012
1.932,0.009
1.933,0.009
1.934,0.011
1.935,0.009
1.936,0.009
1.937,0.009
1.938,0.019
1.939,0.022
1.940,0.025
1.941,0.025
1.942,0.024
1.943,0.025
1.944,0.025
1.945,0.028
1.946,0.030
1.947,0.031
1.948,0.036
1.949,0.041
1.950,0.042
1.951,0.044
1.952,0.047
1.953,0.047
1.954,0.046
1.955,0.047
1.956,0.047
1.957,0.053
1.958,0.059
1.959,0.062
1.960,0.062
1.961,0.062
1.962,0.066
1.963,0.072
1.964,0.075
1.965,0.078
1.966,0.077
1.967,0.081
1.968,0.086
1.969,0.084
1.970,0.089
1.971,0.091
1.972,0.094
1.973,0.094
1.974,0.098
1.975,0.106
1.976,0.112
1.977,0.116
1.978,0.123
1.979,0.128
1.980,0.128
1.981,0.125
1.982,0.132
1.983,0.134
1.984,0.133
1.985,0.138
1.986,0.144
1.987,0.153
1.988,0.156
1.989,0.156
1.990,0.158
1.991,0.159
1.992,0.162
1.993,0.169
1.994,0.171
1.995,0.169
1.996,0.175
1.997,0.175
1.998,0.184
1.999,0.188
2.000,0.195
2.001,0.194
2.002,0.198
2.003,0.203
2.004,0.209
2.005,0.212
2.006,0.211
2.007,0.216
2.008,0.219
2.009,0.216
2.010,0.225
2.011,0.231
2.012,0.238
2.013,0.241
2.014,0.244
2.015,0.250
2.016,0.258
2.017,0.256
2.018,0.256
2.019,0.256
2.020,0.259
2.021,0.256
2.022,0.266
2.023,0.272
2.024,0.276
2.025,0.288
2.026,0.292
2.027,0.297
2.028,0.299
2.029,0.303
2.030,0.305
2.031,0.306
2.032,0.316
2.033,0.322
2.034,0.325
2.035,0.328
2.036,0.330
2.037,0.331
2.038,0.338
2.039,0.344
2.040,0.347
2.041,0.350
2.042,0.350
2.043,0.350
2.044,0.356
2.045,0.362
2.046,0.372
2.047,0.378
2.048,0.380
2.049,0.384
2.050,0.383
2.051,0.384
2.052,0.388
2.053,0.394
2.054,0.398
2.055,0.400
2.056,0.403
2.057,0.403
2.058,0.408
2.059,0.416
2.060,0.419
2.061,0.422
2.062,0.417
2.063,0.419
2.064,0.420
2.065,0.419
2.066,0.416
2.067,0.416
2.068,0.411
2.069,0.412
2.070,0.412
2.071,0.412
2.072,0.408
2.073,0.403
2.074,0.399
2.075,0.397
2.076,0.389
2.077,0.384
2.078,0.384
2.079,0.378
2.080,0.373
2.081,0.369
2.082,0.367
2.083,0.359
2.084,0.352
2.085,0.344
2.086,0.339
2.087,0.331
2.088,0.329
2.089,0.325
2.090,0.317
2.091,0.306
2.092,0.293
2.093,0.284
2.094,0.277
2.095,0.269
2.096,0.259
2.097,0.253
2.098,0.244
2.099,0.234
2.100,0.223
2.101,0.219
2.102,0.209
2.103,0.203
2.104,0.197
2.105,0.191
2.106,0.181
2.107,0.175
2.108,0.169
2.109,0.162
2.110,0.156
2.111,0.147
2.112,0.138
2.113,0.128
2.114,0.121
2.115,0.109
2.116,0.108
2.117,0.106
2.118,0.103
2.119,0.100
2.120,0.092
2.121,0.081
2.122,0.075
2.123,0.072
2.124,0.067
2.125,0.066
2.126,0.050
2.127,0.038
2.128,0.039
2.129,0.038
2.130,0.032
2.131,0.028
2.132,0.023
2.133,0.025
2.134,0.028
2.135,0.025
2.136,0.022
2.137,0.016
2.138,0.011
2.139,0.009
2.140,0.016
2.141,0.012
2.142,0.004
2.143,0.003
2.144,-0.001
2.145,-0.009
2.146,-0.012
2.147,-0.016
2.148,-0.016
2.149,-0.019
2.150,-0.023
2.151,-0.025
2.152,-0.025
2.153,-0.028
2.154,-0.027
2.155,-0.028
2.156,-0.031
2.157,-0.034
2.158,-0.036
2.159,-0.038
2.160,-0.036
2.161,-0.034
2.162,-0.038
2.163,-0.041
2.164,-0.042
2.165,-0.044
2.166,-0.044
2.167,-0.041
2.168,-0.044
2.169,-0.044
2.170,-0.045
2.171,-0.050
2.172,-0.051
2.173,-0.053
2.174,-0.050
2.175,-0.053
2.176,-0.053
2.177,-0.053
2.178,-0.052
2.179,-0.050
2.180,-0.052
2.181,-0.050
2.182,-0.050
2.183,-0.050
2.184,-0.054
2.185,-0.056
2.186,-0.059
2.187,-0.062
2.188,-0.055
2.189,-0.056
2.190,-0.056
2.191,-0.056
2.192,-0.055
2.193,-0.053
2.194,-0.050
2.195,-0.050
2.196,-0.050
2.197,-0.050
2.198,-0.053
2.199,-0.056
2.200,-0.056
2.201,-0.056
2.202,-0.058
2.203,-0.059
2.204,-0.062
2.205,-0.066
2.206,-0.066
2.207,-0.066
2.208,-0.064
2.209,-0.056
2.210,-0.056
2.211,-0.059
2.212,-0.061
2.213,-0.066
2.214,-0.066
2.215,-0.069
2.216,-0.066
2.217,-0.069
2.218,-0.071
2.219,-0.072
2.220,-0.072
2.221,-0.072
2.222,-0.073
2.223,-0.072
2.224,-0.072
2.225,-0.072
2.226,-0.075
2.227,-0.072
2.228,-0.071
2.229,-0.069
2.230,-0.074
2.231,-0.072
2.232,-0.073
2.233,-0.075
2.234,-0.074
2.235,-0.072
2.236,-0.071
2.237,-0.072
2.238,-0.075
2.239,-0.078
2.240,-0.082
2.241,-0.084
2.242,-0.089
2.243,-0.088
2.244,-0.081
2.245,-0.078
2.246,-0.082
2.247,-0.084
2.248,-0.089
2.249,-0.091
2.250,-0.086
2.251,-0.088
2.252,-0.089
2.253,-0.091
2.254,-0.092
2.255,-0.097
2.256,-0.094
2.257,-0.094
2.258,-0.094
2.259,-0.094
2.260,-0.091
2.261,-0.091
2.262,-0.094
2.263,-0.094
2.264,-0.094
2.265,-0.094
2.266,-0.094
2.267,-0.094
2.268,-0.094
2.269,-0.094
2.270,-0.096
2.271,-0.094
2.272,-0.094
2.273,-0.094
2.274,-0.094
2.275,-0.094
2.276,-0.094
2.277,-0.094
2.278,-0.095
2.279,-0.100
2.280,-0.099
2.281,-0.094
2.282,-0.092
2.283,-0.091
2.284,-0.092
2.285,-0.091
2.286,-0.094
2.287,-0.091
2.288,-0.091
2.289,-0.091
2.290,-0.092
2.291,-0.094
2.292,-0.101
2.293,-0.103
2.294,-0.102
2.295,-0.100
2.296,-0.097
2.297,-0.097
2.298,-0.097
2.299,-0.103
2.300,-0.101
2.301,-0.103
2.302,-0.103
2.303,-0.103
2.304,-0.099
2.305,-0.097
2.306,-0.094
2.307,-0.094
2.308,-0.092
2.309,-0.097
2.310,-0.098
2.311,-0.100
2.312,-0.097
2.313,-0.094
2.314,-0.094
2.315,-0.094
2.316,-0.094
2.317,-0.094
2.318,-0.095
2.319,-0.100
2.320,-0.103
2.321,-0.106
2.322,-0.106
2.323,-0.103
2.324,-0.106
2.325,-0.109
2.326,-0.112
2.327,-0.112
2.328,-0.111
2.329,-0.112
2.330,-0.109
2.331,-0.106
2.332,-0.109
2.333,-0.109
2.334,-0.106
2.335,-0.106
2.336,-0.109
2.337,-0.109
2.338,-0.105
2.339,-0.103
2.340,-0.105
2.341,-0.103
2.342,-0.103
2.343,-0.106
2.344,-0.106
2.345,-0.106
2.346,-0.102
2.347,-0.097
2.348,-0.100
2.349,-0.100
2.350,-0.101
2.351,-0.103
2.352,-0.106
2.353,-0.106
2.354,-0.102
2.355,-0.103
2.356,-0.103
2.357,-0.106
2.358,-0.104
2.359,-0.106
2.360,-0.106
2.361,-0.106
2.362,-0.111
2.363,-0.112
2.364,-0.114
2.365,-0.112
2.366,-0.109
2.367,-0.112
2.368,-0.111
2.369,-0.112
2.370,-0.112
2.371,-0.112
2.372,-0.117
2.373,-0.119
2.374,-0.118
2.375,-0.116
2.376,-0.118
2.377,-0.112
2.378,-0.112
2.379,-0.112
2.380,-0.112
2.381,-0.116
2.382,-0.114
2.383,-0.112
2.384,-0.116
2.385,-0.112
2.386,-0.108
2.387,-0.109
2.388,-0.108
2.389,-0.106
2.390,-0.111
2.391,-0.109
2.392,-0.106
2.393,-0.106
2.394,-0.105
2.395,-0.106
2.396,-0.106
2.397,-0.106
2.398,-0.109
2.399,-0.109
2.400,-0.112
2.401,-0.112
2.402,-0.109
2.403,-0.109
2.404,-0.109
2.405,-0.109
2.406,-0.109
2.407,-0.109
2.408,-0.109
2.409,-0.109
2.410,-0.111
2.411,-0.109
2.412,-0.108
2.413,-0.109
2.414,-0.109
2.415,-0.116
2.416,-0.122
2.417,-0.128
2.418,-0.123
2.419,-0.125
2.420,-0.122
2.421,-0.122
2.422,-0.125
2.423,-0.125
2.424,-0.125
2.425,-0.125
2.426,-0.124
2.427,-0.122
2.428,-0.121
2.429,-0.119
2.430,-0.116
2.431,-0.112
2.432,-0.112
2.433,-0.116
2.434,-0.117
2.435,-0.122
2.436,-0.122
2.437,-0.122
2.438,-0.122
2.439,-0.119
2.440,-0.116
2.441,-0.112
2.442,-0.114
2.443,-0.109
2.444,-0.114
2.445,-0.119
2.446,-0.120
2.447,-0.119
2.448,-0.117
2.449,-0.119
2.450,-0.120
2.451,-0.122
2.452,-0.122
2.453,-0.119
2.454,-0.120
2.455,-0.122
2.456,-0.126
2.457,-0.125
2.458,-0.124
2.459,-0.125
2.460,-0.124
2.461,-0.122
2.462,-0.118
2.463,-0.112
2.464,-0.116
2.465,-0.116
2.466,-0.119
2.467,-0.119
2.468,-0.122
2.469,-0.125
2.470,-0.125
2.471,-0.125
2.472,-0.125
2.473,-0.125
2.474,-0.128
2.475,-0.128
2.476,-0.124
2.477,-0.125
2.478,-0.128
2.479,-0.128
2.480,-0.128
2.481,-0.128
2.482,-0.127
2.483,-0.125
2.484,-0.126
2.485,-0.128
2.486,-0.125
2.487,-0.125
2.488,-0.127
2.489,-0.128
2.490,-0.125
2.491,-0.125
2.492,-0.127
2.493,-0.125
2.494,-0.124
2.495,-0.119
2.496,-0.119
2.497,-0.119
2.498,-0.120
2.499,-0.122
2.500,-0.123
2.501,-0.125
2.502,-0.122
2.503,-0.125
2.504,-0.125
2.505,-0.128
2.506,-0.129
2.507,-0.128
2.508,-0.125
2.509,-0.125
2.510,-0.121
2.511,-0.119
2.512,-0.123
2.513,-0.122
2.514,-0.122
2.515,-0.125
2.516,-0.121
2.517,-0.119
2.518,-0.119
2.519,-0.119
2.520,-0.120
2.521,-0.122
2.522,-0.126
2.523,-0.128
2.524,-0.128
2.525,-0.128
2.526,-0.128
2.527,-0.128
2.528,-0.124
2.529,-0.125
2.530,-0.123
2.531,-0.125
2.532,-0.124
2.533,-0.122
2.534,-0.119
2.535,-0.122
2.536,-0.122
2.537,-0.122
2.538,-0.121
2.539,-0.122
2.540,-0.119
2.541,-0.119
2.542,-0.114
2.543,-0.112
2.544,-0.119
2.545,-0.122
2.546,-0.125
2.547,-0.122
2.548,-0.122
2.549,-0.122
2.550,-0.122
2.551,-0.122
2.552,-0.125
2.553,-0.125
2.554,-0.125
2.555,-0.125
2.556,-0.121
2.557,-0.116
2.558,-0.120
2.559,-0.122
2.560,-0.122
2.561,-0.125
2.562,-0.125
2.563,-0.125
2.564,-0.121
2.565,-0.122
2.566,-0.122
2.567,-0.122
2.568,-0.122
2.569,-0.122
2.570,-0.126
2.571,-0.125
2.572,-0.125
2.573,-0.125
2.574,-0.125
2.575,-0.128
2.576,-0.123
2.577,-0.125
2.578,-0.128
2.579,-0.128
2.580,-0.128
2.581,-0.128
2.582,-0.125
2.583,-0.125
2.584,-0.122
2.585,-0.119
2.586,-0.116
2.587,-0.109
2.588,-0.111
2.589,-0.112
2.590,-0.112
2.591,-0.109
2.592,-0.105
2.593,-0.100
2.594,-0.092
2.595,-0.084
2.596,-0.072
2.597,-0.062
2.598,-0.058
2.599,-0.053
2.600,-0.053
2.601,-0.053
2.602,-0.048
2.603,-0.038
2.604,-0.027
2.605,-0.019
2.606,-0.014
2.607,-0.012
2.608,-0.011
2.609,-0.012
2.610,-0.016
2.611,-0.016
2.612,-0.011
2.613,-0.009
2.614,-0.009
2.615,-0.009
2.616,-0.003
2.617,-0.003
2.618,-0.006
2.619,-0.006
2.620,0.000
2.621,0.009
2.622,0.019
2.623,0.025
2.624,0.031
2.625,0.038
2.626,0.050
2.627,0.059
2.628,0.069
2.629,0.072
2.630,0.078
2.631,0.078
2.632,0.079
2.633,0.078
2.634,0.080
2.635,0.081
2.636,0.075
2.637,0.072
2.638,0.072
2.639,0.072
2.640,0.069
2.641,0.066
2.642,0.055
2.643,0.044
2.644,0.038
2.645,0.038
2.646,0.033
2.647,0.031
2.648,0.034
2.649,0.031
2.650,0.026
2.651,0.025
2.652,0.022
2.653,0.025
2.654,0.025
2.655,0.025
2.656,0.022
2.657,0.019
2.658,0.014
2.659,0.009
2.660,0.000
2.661,-0.006
2.662,-0.011
2.663,-0.019
2.664,-0.026
2.665,-0.031
2.666,-0.036
2.667,-0.044
2.668,-0.047
2.669,-0.053
2.670,-0.062
2.671,-0.072
2.672,-0.081
2.673,-0.084
2.674,-0.092
2.675,-0.097
2.676,-0.102
2.677,-0.106
2.678,-0.114
2.679,-0.119
2.680,-0.123
2.681,-0.131
2.682,-0.136
2.683,-0.141
2.684,-0.146
2.685,-0.141
2.686,-0.144
2.687,-0.144
2.688,-0.146
2.689,-0.144
2.690,-0.145
2.691,-0.144
2.692,-0.146
2.693,-0.144
2.694,-0.145
2.695,-0.150
2.696,-0.150
2.697,-0.153
2.698,-0.150
2.699,-0.150
2.700,-0.151
2.701,-0.153
2.702,-0.159
2.703,-0.159
2.704,-0.162
2.705,-0.159
2.706,-0.161
2.707,-0.162
2.708,-0.162
2.709,-0.159
2.710,-0.155
2.711,-0.153
2.712,-0.152
2.713,-0.150
2.714,-0.148
2.715,-0.150
2.716,-0.152
2.717,-0.150
2.718,-0.150
2.719,-0.150
2.720,-0.153
2.721,-0.156
2.722,-0.159
2.723,-0.156
2.724,-0.156
2.725,-0.153
2.726,-0.152
2.727,-0.150
2.728,-0.150
2.729,-0.147
2.730,-0.145
2.731,-0.144
2.732,-0.150
2.733,-0.156
2.734,-0.159
2.735,-0.162
2.736,-0.177
2.737,-0.188
2.738,-0.204
2.739,-0.231
2.740,-0.253
2.741,-0.272
2.742,-0.288
2.743,-0.291
2.744,-0.295
2.745,-0.284
2.746,-0.264
2.747,-0.247
2.748,-0.219
2.749,-0.178
2.750,-0.130
2.751,-0.081
2.752,-0.031
2.753,0.019
2.754,0.079
2.755,0.144
2.756,0.202
2.757,0.259
2.758,0.325
2.759,0.403
2.760,0.504
2.761,0.612
2.762,0.723
2.763,0.828
2.764,0.921
2.765,1.031
2.766,1.144
2.767,1.241
2.768,1.337
2.769,1.413
2.770,1.472
2.771,1.503
2.772,1.511
2.773,1.497
2.774,1.473
2.775,1.444
2.776,1.416
2.777,1.375
2.778,1.324
2.779,1.263
2.780,1.178
2.781,1.081
2.782,0.959
2.783,0.831
2.784,0.706
2.785,0.594
2.786,0.494
2.787,0.428
2.788,0.366
2.789,0.322
2.790,0.288
2.791,0.250
2.792,0.219
2.793,0.191
2.794,0.153
2.795,0.119
2.796,0.071
2.797,0.031
2.798,0.016
2.799,0.003
2.800,-0.009
2.801,-0.022
2.802,-0.034
2.803,-0.034
2.804,-0.028
2.805,-0.025
2.806,-0.023
2.807,-0.016
2.808,-0.008
2.809,-0.006
2.810,-0.008
2.811,-0.009
2.812,-0.016
2.813,-0.025
2.814,-0.030
2.815,-0.034
2.816,-0.041
2.817,-0.041
2.818,-0.048
2.819,-0.056
2.820,-0.059
2.821,-0.066
2.822,-0.069
2.823,-0.072
2.824,-0.071
2.825,-0.072
2.826,-0.073
2.827,-0.084
2.828,-0.086
2.829,-0.091
2.830,-0.092
2.831,-0.091
2.832,-0.092
2.833,-0.091
2.834,-0.091
2.835,-0.091
2.836,-0.092
2.837,-0.091
2.838,-0.088
2.839,-0.084
2.840,-0.086
2.841,-0.088
2.842,-0.088
2.843,-0.088
2.844,-0.091
2.845,-0.091
2.846,-0.091
2.847,-0.091
2.848,-0.091
2.849,-0.094
2.850,-0.098
2.851,-0.097
2.852,-0.099
2.853,-0.097
2.854,-0.097
2.855,-0.094
2.856,-0.092
2.857,-0.088
2.858,-0.088
2.859,-0.088
2.860,-0.088
2.861,-0.088
2.862,-0.092
2.863,-0.091
2.864,-0.092
2.865,-0.091
2.866,-0.091
2.867,-0.091
2.868,-0.091
2.869,-0.091
2.870,-0.086
2.871,-0.084
2.872,-0.082
2.873,-0.081
2.874,-0.082
2.875,-0.084
2.876,-0.084
2.877,-0.081
2.878,-0.084
2.879,-0.081
2.880,-0.080
2.881,-0.078
2.882,-0.077
2.883,-0.072
2.884,-0.075
2.885,-0.075
2.886,-0.079
2.887,-0.081
2.888,-0.084
2.889,-0.084
2.890,-0.078
2.891,-0.075
2.892,-0.075
2.893,-0.075
2.894,-0.072
2.895,-0.072
2.896,-0.071
2.897,-0.069
2.898,-0.067
2.899,-0.066
2.900,-0.058
2.901,-0.056
2.902,-0.058
2.903,-0.059
2.904,-0.056
2.905,-0.056
2.906,-0.056
2.907,-0.056
2.908,-0.058
2.909,-0.056
2.910,-0.053
2.911,-0.050
2.912,-0.053
2.913,-0.053
2.914,-0.053
2.915,-0.053
2.916,-0.050
2.917,-0.047
2.918,-0.042
2.919,-0.041
2.920,-0.039
2.921,-0.034
2.922,-0.034
2.923,-0.034
2.924,-0.032
2.925,-0.034
2.926,-0.032
2.927,-0.034
2.928,-0.031
2.929,-0.031
2.930,-0.029
2.931,-0.028
2.932,-0.028
2.933,-0.025
2.934,-0.028
2.935,-0.028
2.936,-0.025
2.937,-0.022
2.938,-0.019
2.939,-0.012
2.940,-0.011
2.941,-0.012
2.942,-0.014
2.943,-0.016
2.944,-0.012
2.945,-0.012
2.946,-0.011
2.947,-0.006
2.948,-0.003
2.949,-0.003
2.950,0.000
2.951,0.003
2.952,0.004
2.953,0.006
2.954,0.012
2.955,0.012
2.956,0.014
2.957,0.016
2.958,0.018
2.959,0.019
2.960,0.020
2.961,0.022
2.962,0.019
2.963,0.022
2.964,0.022
2.965,0.025
2.966,0.026
2.967,0.028
2.968,0.030
2.969,0.028
2.970,0.032
2.971,0.038
2.972,0.039
2.973,0.041
2.974,0.045
2.975,0.047
2.976,0.044
2.977,0.047
2.978,0.049
2.979,0.047
2.980,0.050
2.981,0.047
2.982,0.054
2.983,0.062
2.984,0.062
2.985,0.066
2.986,0.068
2.987,0.066
2.988,0.066
2.989,0.066
2.990,0.073
2.991,0.078
2.992,0.083
2.993,0.088
2.994,0.092
2.995,0.100
2.996,0.099
2.997,0.103
2.998,0.106
2.999,0.109
3.000,0.112
3.001,0.112
3.002,0.112
3.003,0.119
3.004,0.121
3.005,0.122
3.006,0.122
3.007,0.128
3.008,0.129
3.009,0.131
3.010,0.139
3.011,0.144
3.012,0.150
3.013,0.153
3.014,0.153
3.015,0.156
3.016,0.162
3.017,0.166
3.018,0.169
3.019,0.175
3.020,0.177
3.021,0.181
3.022,0.180
3.023,0.188
3.024,0.191
3.025,0.197
3.026,0.194
3.027,0.197
3.028,0.200
3.029,0.206
3.030,0.211
3.031,0.212
3.032,0.212
3.033,0.212
3.034,0.211
3.035,0.216
3.036,0.217
3.037,0.219
3.038,0.222
3.039,0.228
3.040,0.236
3.041,0.247
3.042,0.248
3.043,0.253
3.044,0.259
3.045,0.269
3.046,0.266
3.047,0.269
3.048,0.273
3.049,0.275
3.050,0.280
3.051,0.281
3.052,0.284
3.053,0.288
3.054,0.294
3.055,0.297
3.056,0.297
3.057,0.303
3.058,0.309
3.059,0.309
3.060,0.311
3.061,0.316
3.062,0.319
3.063,0.325
3.064,0.332
3.065,0.341
3.066,0.353
3.067,0.359
3.068,0.358
3.069,0.362
3.070,0.369
3.071,0.372
3.072,0.369
3.073,0.369
3.074,0.375
3.075,0.378
3.076,0.384
3.077,0.388
3.078,0.393
3.079,0.394
3.080,0.395
3.081,0.400
3.082,0.401
3.083,0.403
3.084,0.405
3.085,0.406
3.086,0.408
3.087,0.403
3.088,0.406
3.089,0.406
3.090,0.406
3.091,0.406
3.092,0.406
3.093,0.403
3.094,0.402
3.095,0.397
3.096,0.398
3.097,0.397
3.098,0.394
3.099,0.391
3.100,0.391
3.101,0.384
3.102,0.382
3.103,0.381
3.104,0.375
3.105,0.372
3.106,0.364
3.107,0.359
3.108,0.349
3.109,0.341
3.110,0.334
3.111,0.328
3.112,0.320
3.113,0.316
3.114,0.309
3.115,0.306
3.116,0.296
3.117,0.284
3.118,0.278
3.119,0.269
3.120,0.266
3.121,0.259
3.122,0.256
3.123,0.253
3.124,0.244
3.125,0.228
3.126,0.221
3.127,0.209
3.128,0.203
3.129,0.197
3.130,0.192
3.131,0.184
3.132,0.175
3.133,0.162
3.134,0.149
3.135,0.138
3.136,0.129
3.137,0.125
3.138,0.119
3.139,0.112
3.140,0.106
3.141,0.103
3.142,0.096
3.143,0.091
3.144,0.086
3.145,0.078
3.146,0.070
3.147,0.066
3.148,0.064
3.149,0.059
3.150,0.056
3.151,0.047
3.152,0.038
3.153,0.034
3.154,0.032
3.155,0.028
3.156,0.022
3.157,0.016
3.158,0.014
3.159,0.012
3.160,0.009
3.161,0.009
3.162,0.004
3.163,0.003
3.164,0.000
3.165,0.000
3.166,-0.003
3.167,-0.009
3.168,-0.011
3.169,-0.012
3.170,-0.022
3.171,-0.025
3.172,-0.028
3.173,-0.031
3.174,-0.034
3.175,-0.038
3.176,-0.036
3.177,-0.034
3.178,-0.036
3.179,-0.034
3.180,-0.041
3.181,-0.044
3.182,-0.045
3.183,-0.050
3.184,-0.053
3.185,-0.053
3.186,-0.052
3.187,-0.050
3.188,-0.049
3.189,-0.047
3.190,-0.047
3.191,-0.050
3.192,-0.050
3.193,-0.053
3.194,-0.052
3.195,-0.050
3.196,-0.053
3.197,-0.053
3.198,-0.053
3.199,-0.050
3.200,-0.052
3.201,-0.050
3.202,-0.054
3.203,-0.059
3.204,-0.056
3.205,-0.056
3.206,-0.058
3.207,-0.059
3.208,-0.061
3.209,-0.066
3.210,-0.064
3.211,-0.066
3.212,-0.070
3.213,-0.066
3.214,-0.069
3.215,-0.069
3.216,-0.069
3.217,-0.069
3.218,-0.068
3.219,-0.066
3.220,-0.070
3.221,-0.072
3.222,-0.072
3.223,-0.072
3.224,-0.073
3.225,-0.075
3.226,-0.075
3.227,-0.075
3.228,-0.075
3.229,-0.075
3.230,-0.075
3.231,-0.075
3.232,-0.074
3.233,-0.075
3.234,-0.072
3.235,-0.072
3.236,-0.074
3.237,-0.072
3.238,-0.076
3.239,-0.078
3.240,-0.080
3.241,-0.075
3.242,-0.078
3.243,-0.081
3.244,-0.084
3.245,-0.084
3.246,-0.084
3.247,-0.084
3.248,-0.082
3.249,-0.084
3.250,-0.084
3.251,-0.088
3.252,-0.086
3.253,-0.088
3.254,-0.086
3.255,-0.091
3.256,-0.094
3.257,-0.097
3.258,-0.096
3.259,-0.094
3.260,-0.094
3.261,-0.094
3.262,-0.098
3.263,-0.100
3.264,-0.099
3.265,-0.100
3.266,-0.100
3.267,-0.103
3.268,-0.103
3.269,-0.103
3.270,-0.102
3.271,-0.103
3.272,-0.100
3.273,-0.100
3.274,-0.101
3.275,-0.100
3.276,-0.104
3.277,-0.106
3.278,-0.105
3.279,-0.103
3.280,-0.102
3.281,-0.094
3.282,-0.092
3.283,-0.091
3.284,-0.094
3.285,-0.097
3.286,-0.100
3.287,-0.103
3.288,-0.104
3.289,-0.106
3.290,-0.108
3.291,-0.109
3.292,-0.109
3.293,-0.109
3.294,-0.111
3.295,-0.116
3.296,-0.116
3.297,-0.116
3.298,-0.114
3.299,-0.112
3.300,-0.112
3.301,-0.112
3.302,-0.112
3.303,-0.112
3.304,-0.116
3.305,-0.116
3.306,-0.116
3.307,-0.119
3.308,-0.118
3.309,-0.119
3.310,-0.119
3.311,-0.122
3.312,-0.119
3.313,-0.119
3.314,-0.119
3.315,-0.119
3.316,-0.122
3.317,-0.128
3.318,-0.125
3.319,-0.125
3.320,-0.124
3.321,-0.122
3.322,-0.122
3.323,-0.116
3.324,-0.116
3.325,-0.109
3.326,-0.109
3.327,-0.109
3.328,-0.114
3.329,-0.119
3.330,-0.119
3.331,-0.112
3.332,-0.112
3.333,-0.112
3.334,-0.119
3.335,-0.119
3.336,-0.119
3.337,-0.119
3.338,-0.120
3.339,-0.122
3.340,-0.122
3.341,-0.122
3.342,-0.123
3.343,-0.122
3.344,-0.119
3.345,-0.119
3.346,-0.122
3.347,-0.122
3.348,-0.120
3.349,-0.125
3.350,-0.127
3.351,-0.125
3.352,-0.122
3.353,-0.122
3.354,-0.125
3.355,-0.125
3.356,-0.126
3.357,-0.128
3.358,-0.128
3.359,-0.128
3.360,-0.127
3.361,-0.128
3.362,-0.129
3.363,-0.128
3.364,-0.127
3.365,-0.128
3.366,-0.127
3.367,-0.125
3.368,-0.127
3.369,-0.125
3.370,-0.128
3.371,-0.131
3.372,-0.128
3.373,-0.128
3.374,-0.129
3.375,-0.128
3.376,-0.124
3.377,-0.125
3.378,-0.125
3.379,-0.122
3.380,-0.124
3.381,-0.122
3.382,-0.126
3.383,-0.125
3.384,-0.126
3.385,-0.128
3.386,-0.127
3.387,-0.128
3.388,-0.124
3.389,-0.119
3.390,-0.116
3.391,-0.112
3.392,-0.117
3.393,-0.119
3.394,-0.123
3.395,-0.125
3.396,-0.129
3.397,-0.134
3.398,-0.131
3.399,-0.131
3.400,-0.130
3.401,-0.131
3.402,-0.127
3.403,-0.125
3.404,-0.125
3.405,-0.125
3.406,-0.128
3.407,-0.128
3.408,-0.127
3.409,-0.128
3.410,-0.126
3.411,-0.125
3.412,-0.128
3.413,-0.128
3.414,-0.128
3.415,-0.131
3.416,-0.131
3.417,-0.131
3.418,-0.130
3.419,-0.128
3.420,-0.131
3.421,-0.131
3.422,-0.131
3.423,-0.134
3.424,-0.133
3.425,-0.131
3.426,-0.127
3.427,-0.125
3.428,-0.128
3.429,-0.128
3.430,-0.128
3.431,-0.128
3.432,-0.129
3.433,-0.131
3.434,-0.130
3.435,-0.128
3.436,-0.128
3.437,-0.131
3.438,-0.134
3.439,-0.131
3.440,-0.131
3.441,-0.128
3.442,-0.131
3.443,-0.128
3.444,-0.127
3.445,-0.125
3.446,-0.127
3.447,-0.128
3.448,-0.128
3.449,-0.128
3.450,-0.131
3.451,-0.134
3.452,-0.134
3.453,-0.134
3.454,-0.134
3.455,-0.134
3.456,-0.133
3.457,-0.128
3.458,-0.128
3.459,-0.128
3.460,-0.132
3.461,-0.134
3.462,-0.134
3.463,-0.134
3.464,-0.131
3.465,-0.131
3.466,-0.131
3.467,-0.134
3.468,-0.130
3.469,-0.131
3.470,-0.136
3.471,-0.138
3.472,-0.136
3.473,-0.138
3.474,-0.138
3.475,-0.131
3.476,-0.130
3.477,-0.131
3.478,-0.131
3.479,-0.131
3.480,-0.131
3.481,-0.131
3.482,-0.131
3.483,-0.128
3.484,-0.131
3.485,-0.131
3.486,-0.131
3.487,-0.131
3.488,-0.132
3.489,-0.134
3.490,-0.131
3.491,-0.128
3.492,-0.131
3.493,-0.131
3.494,-0.128
3.495,-0.131
3.496,-0.134
3.497,-0.134
3.498,-0.136
3.499,-0.138
3.500,-0.136
3.501,-0.134
3.502,-0.134
3.503,-0.134
3.504,-0.131
3.505,-0.131
3.506,-0.133
3.507,-0.134
3.508,-0.131
3.509,-0.131
3.510,-0.136
3.511,-0.138
3.512,-0.136
3.513,-0.131
3.514,-0.125
3.515,-0.119
3.516,-0.119
3.517,-0.119
3.518,-0.120
3.519,-0.122
3.520,-0.119
3.521,-0.122
3.522,-0.122
3.523,-0.125
3.524,-0.126
3.525,-0.125
3.526,-0.124
3.527,-0.125
3.528,-0.125
3.529,-0.128
3.530,-0.132
3.531,-0.131
3.532,-0.132
3.533,-0.138
3.534,-0.136
3.535,-0.138
3.536,-0.138
3.537,-0.138
3.538,-0.136
3.539,-0.134
3.540,-0.139
3.541,-0.141
3.542,-0.142
3.543,-0.144
3.544,-0.141
3.545,-0.138
3.546,-0.131
3.547,-0.131
3.548,-0.128
3.549,-0.128
3.550,-0.128
3.551,-0.128
3.552,-0.127
3.553,-0.131
3.554,-0.131
3.555,-0.131
3.556,-0.130
3.557,-0.131
3.558,-0.128
3.559,-0.128
3.560,-0.126
3.561,-0.128
3.562,-0.131
3.563,-0.131
3.564,-0.136
3.565,-0.134
3.566,-0.131
3.567,-0.128
3.568,-0.128
3.569,-0.128
3.570,-0.131
3.571,-0.131
3.572,-0.132
3.573,-0.134
3.574,-0.134
3.575,-0.134
3.576,-0.136
3.577,-0.134
3.578,-0.134
3.579,-0.138
3.580,-0.136
3.581,-0.134
3.582,-0.131
3.583,-0.134
3.584,-0.134
3.585,-0.134
3.586,-0.134
3.587,-0.134
3.588,-0.138
3.589,-0.134
3.590,-0.133
3.591,-0.131
3.592,-0.128
3.593,-0.128
3.594,-0.123
3.595,-0.125
3.596,-0.128
3.597,-0.128
3.598,-0.128
3.599,-0.128
3.600,-0.126
3.601,-0.128
3.602,-0.128
3.603,-0.128
3.604,-0.122
3.605,-0.112
3.606,-0.114
3.607,-0.116
3.608,-0.119
3.609,-0.119
3.610,-0.117
3.611,-0.116
3.612,-0.109
3.613,-0.103
3.614,-0.091
3.615,-0.081
3.616,-0.077
3.617,-0.072
3.618,-0.066
3.619,-0.059
3.620,-0.053
3.621,-0.041
3.622,-0.034
3.623,-0.031
3.624,-0.024
3.625,-0.019
3.626,-0.019
3.627,-0.022
3.628,-0.022
3.629,-0.019
3.630,-0.018
3.631,-0.019
3.632,-0.021
3.633,-0.022
3.634,-0.019
3.635,-0.022
3.636,-0.023
3.637,-0.022
3.638,-0.017
3.639,-0.009
3.640,-0.001
3.641,0.003
3.642,0.011
3.643,0.019
3.644,0.027
3.645,0.031
3.646,0.044
3.647,0.050
3.648,0.058
3.649,0.059
3.650,0.062
3.651,0.062
3.652,0.066
3.653,0.069
3.654,0.066
3.655,0.066
3.656,0.066
3.657,0.066
3.658,0.061
3.659,0.056
3.660,0.050
3.661,0.044
3.662,0.038
3.663,0.038
3.664,0.030
3.665,0.025
3.666,0.028
3.667,0.025
3.668,0.016
3.669,0.009
3.670,0.004
3.671,0.006
3.672,0.006
3.673,0.006
3.674,0.006
3.675,0.006
3.676,-0.001
3.677,-0.009
3.678,-0.020
3.679,-0.028
3.680,-0.034
3.681,-0.044
3.682,-0.051
3.683,-0.056
3.684,-0.061
3.685,-0.069
3.686,-0.071
3.687,-0.075
3.688,-0.083
3.689,-0.091
3.690,-0.099
3.691,-0.100
3.692,-0.108
3.693,-0.112
3.694,-0.119
3.695,-0.125
3.696,-0.131
3.697,-0.134
3.698,-0.138
3.699,-0.144
3.700,-0.148
3.701,-0.153
3.702,-0.161
3.703,-0.159
3.704,-0.164
3.705,-0.166
3.706,-0.169
3.707,-0.169
3.708,-0.170
3.709,-0.169
3.710,-0.172
3.711,-0.172
3.712,-0.171
3.713,-0.172
3.714,-0.169
3.715,-0.169
3.716,-0.172
3.717,-0.178
3.718,-0.178
3.719,-0.178
3.720,-0.180
3.721,-0.175
3.722,-0.178
3.723,-0.175
3.724,-0.177
3.725,-0.178
3.726,-0.179
3.727,-0.178
3.728,-0.176
3.729,-0.178
3.730,-0.175
3.731,-0.172
3.732,-0.168
3.733,-0.166
3.734,-0.170
3.735,-0.172
3.736,-0.173
3.737,-0.175
3.738,-0.175
3.739,-0.175
3.740,-0.178
3.741,-0.175
3.742,-0.175
3.743,-0.172
3.744,-0.172
3.745,-0.172
3.746,-0.173
3.747,-0.172
3.748,-0.168
3.749,-0.162
3.750,-0.168
3.751,-0.172
3.752,-0.178
3.753,-0.184
3.754,-0.199
3.755,-0.209
3.756,-0.226
3.757,-0.253
3.758,-0.277
3.759,-0.297
3.760,-0.311
3.761,-0.312
3.762,-0.314
3.763,-0.300
3.764,-0.274
3.765,-0.250
3.766,-0.221
3.767,-0.178
3.768,-0.127
3.769,-0.075
3.770,-0.030
3.771,0.016
3.772,0.078
3.773,0.144
3.774,0.199
3.775,0.253
3.776,0.316
3.777,0.391
3.778,0.486
3.779,0.588
3.780,0.696
3.781,0.797
3.782,0.895
3.783,1.013
3.784,1.130
3.785,1.231
3.786,1.328
3.787,1.403
3.788,1.464
3.789,1.497
3.790,1.508
3.791,1.497
3.792,1.472
3.793,1.441
3.794,1.403
3.795,1.353
3.796,1.311
3.797,1.259
3.798,1.181
3.799,1.091
3.800,0.972
3.801,0.847
3.802,0.716
3.803,0.597
3.804,0.483
3.805,0.403
3.806,0.344
3.807,0.303
3.808,0.269
3.809,0.231
3.810,0.189
3.811,0.150
3.812,0.114
3.813,0.081
3.814,0.048
3.815,0.025
3.816,0.012
3.817,0.003
3.818,-0.006
3.819,-0.016
3.820,-0.028
3.821,-0.028
3.822,-0.023
3.823,-0.022
3.824,-0.019
3.825,-0.009
3.826,-0.006
3.827,-0.009
3.828,-0.014
3.829,-0.019
3.830,-0.023
3.831,-0.031
3.832,-0.039
3.833,-0.047
3.834,-0.056
3.835,-0.059
3.836,-0.062
3.837,-0.066
3.838,-0.066
3.839,-0.069
3.840,-0.071
3.841,-0.072
3.842,-0.078
3.843,-0.088
3.844,-0.091
3.845,-0.103
3.846,-0.102
3.847,-0.103
3.848,-0.105
3.849,-0.103
3.850,-0.105
3.851,-0.103
3.852,-0.104
3.853,-0.106
3.854,-0.108
3.855,-0.106
3.856,-0.108
3.857,-0.109
3.858,-0.114
3.859,-0.119
3.860,-0.118
3.861,-0.116
3.862,-0.119
3.863,-0.119
3.864,-0.120
3.865,-0.122
3.866,-0.119
3.867,-0.119
3.868,-0.119
3.869,-0.112
3.870,-0.114
3.871,-0.112
3.872,-0.114
3.873,-0.112
3.874,-0.116
3.875,-0.116
3.876,-0.112
3.877,-0.109
3.878,-0.109
3.879,-0.109
3.880,-0.114
3.881,-0.112
3.882,-0.114
3.883,-0.112
3.884,-0.111
3.885,-0.109
3.886,-0.111
3.887,-0.112
3.888,-0.109
3.889,-0.109
3.890,-0.106
3.891,-0.103
3.892,-0.103
3.893,-0.103
3.894,-0.100
3.895,-0.094
3.896,-0.097
3.897,-0.094
3.898,-0.094
3.899,-0.094
3.900,-0.095
3.901,-0.094
3.902,-0.094
3.903,-0.091
3.904,-0.094
3.905,-0.094
3.906,-0.095
3.907,-0.094
3.908,-0.091
3.909,-0.091
3.910,-0.091
3.911,-0.091
3.912,-0.088
3.913,-0.088
3.914,-0.088
3.915,-0.088
3.916,-0.083
3.917,-0.078
3.918,-0.073
3.919,-0.075
3.920,-0.075
3.921,-0.075
3.922,-0.073
3.923,-0.075
3.924,-0.075
3.925,-0.075
3.926,-0.075
3.927,-0.072
3.928,-0.071
3.929,-0.069
3.930,-0.070
3.931,-0.069
3.932,-0.068
3.933,-0.066
3.934,-0.067
3.935,-0.069
3.936,-0.061
3.937,-0.056
3.938,-0.058
3.939,-0.056
3.940,-0.055
3.941,-0.053
3.942,-0.050
3.943,-0.050
3.944,-0.048
3.945,-0.050
3.946,-0.047
3.947,-0.047
3.948,-0.042
3.949,-0.038
3.950,-0.036
3.951,-0.031
3.952,-0.033
3.953,-0.031
3.954,-0.032
3.955,-0.034
3.956,-0.036
3.957,-0.034
3.958,-0.028
3.959,-0.025
3.960,-0.024
3.961,-0.022
3.962,-0.020
3.963,-0.022
3.964,-0.023
3.965,-0.022
3.966,-0.020
3.967,-0.022
3.968,-0.019
3.969,-0.016
3.970,-0.017
3.971,-0.019
3.972,-0.014
3.973,-0.016
3.974,-0.016
3.975,-0.016
3.976,-0.008
3.977,0.000
3.978,0.003
3.979,0.006
3.980,0.003
3.981,0.006
3.982,0.006
3.983,0.009
3.984,0.009
3.985,0.009
3.986,0.011
3.987,0.009
3.988,0.014
3.989,0.019
3.990,0.022
3.991,0.025
3.992,0.027
3.993,0.025
3.994,0.026
3.995,0.034
3.996,0.038
3.997,0.038
3.998,0.042
3.999,0.041
4.000,0.042
4.001,0.044
4.002,0.042
4.003,0.044
4.004,0.050
4.005,0.053
4.006,0.056
4.007,0.059
4.008,0.064
4.009,0.066
4.010,0.068
4.011,0.069
4.012,0.072
4.013,0.078
4.014,0.078
4.015,0.084
4.016,0.089
4.017,0.094
4.018,0.101
4.019,0.106
4.020,0.102
4.021,0.103
4.022,0.106
4.023,0.109
4.024,0.111
4.025,0.119
4.026,0.117
4.027,0.116
4.028,0.121
4.029,0.122
4.030,0.129
4.031,0.134
4.032,0.134
4.033,0.138
4.034,0.141
4.035,0.141
4.036,0.142
4.037,0.147
4.038,0.154
4.039,0.166
4.040,0.167
4.041,0.178
4.042,0.177
4.043,0.178
4.044,0.175
4.045,0.178
4.046,0.181
4.047,0.188
4.048,0.192
4.049,0.194
4.050,0.201
4.051,0.209
4.052,0.209
4.053,0.216
4.054,0.222
4.055,0.228
4.056,0.228
4.057,0.231
4.058,0.234
4.059,0.241
4.060,0.244
4.061,0.250
4.062,0.250
4.063,0.253
4.064,0.250
4.065,0.253
4.066,0.259
4.067,0.262
4.068,0.267
4.069,0.269
4.070,0.275
4.071,0.281
4.072,0.288
4.073,0.291
4.074,0.293
4.075,0.300
4.076,0.308
4.077,0.309
4.078,0.309
4.079,0.312
4.080,0.314
4.081,0.319
4.082,0.321
4.083,0.322
4.084,0.329
4.085,0.331
4.086,0.331
4.087,0.338
4.088,0.344
4.089,0.347
4.090,0.347
4.091,0.350
4.092,0.358
4.093,0.362
4.094,0.372
4.095,0.378
4.096,0.383
4.097,0.384
4.098,0.386
4.099,0.391
4.100,0.389
4.101,0.388
4.102,0.389
4.103,0.391
4.104,0.395
4.105,0.394
4.106,0.397
4.107,0.397
4.108,0.394
4.109,0.391
4.110,0.391
4.111,0.388
4.112,0.389
4.113,0.388
4.114,0.389
4.115,0.388
4.116,0.384
4.117,0.381
4.118,0.380
4.119,0.372
4.120,0.367
4.121,0.362
4.122,0.354
4.123,0.350
4.124,0.343
4.125,0.338
4.126,0.327
4.127,0.319
4.128,0.314
4.129,0.309
4.130,0.303
4.131,0.300
4.132,0.292
4.133,0.288
4.134,0.279
4.135,0.272
4.136,0.267
4.137,0.259
4.138,0.254
4.139,0.247
4.140,0.238
4.141,0.228
4.142,0.223
4.143,0.212
4.144,0.205
4.145,0.194
4.146,0.183
4.147,0.172
4.148,0.167
4.149,0.159
4.150,0.154
4.151,0.147
4.152,0.133
4.153,0.122
4.154,0.111
4.155,0.103
4.156,0.098
4.157,0.094
4.158,0.091
4.159,0.091
4.160,0.083
4.161,0.078
4.162,0.074
4.163,0.066
4.164,0.056
4.165,0.050
4.166,0.048
4.167,0.044
4.168,0.041
4.169,0.031
4.170,0.026
4.171,0.028
4.172,0.024
4.173,0.016
4.174,0.012
4.175,0.009
4.176,0.008
4.177,0.006
4.178,-0.001
4.179,-0.006
4.180,-0.012
4.181,-0.016
4.182,-0.019
4.183,-0.019
4.184,-0.021
4.185,-0.025
4.186,-0.028
4.187,-0.031
4.188,-0.041
4.189,-0.044
4.190,-0.045
4.191,-0.047
4.192,-0.047
4.193,-0.047
4.194,-0.047
4.195,-0.047
4.196,-0.049
4.197,-0.047
4.198,-0.051
4.199,-0.053
4.200,-0.052
4.201,-0.053
4.202,-0.058
4.203,-0.059
4.204,-0.061
4.205,-0.062
4.206,-0.059
4.207,-0.056
4.208,-0.056
4.209,-0.059
4.210,-0.061
4.211,-0.066
4.212,-0.066
4.213,-0.066
4.214,-0.068
4.215,-0.066
4.216,-0.067
4.217,-0.066
4.218,-0.068
4.219,-0.066
4.220,-0.066
4.221,-0.066
4.222,-0.067
4.223,-0.072
4.224,-0.073
4.225,-0.075
4.226,-0.074
4.227,-0.075
4.228,-0.072
4.229,-0.072
4.230,-0.076
4.231,-0.072
4.232,-0.075
4.233,-0.075
4.234,-0.075
4.235,-0.075
4.236,-0.076
4.237,-0.078
4.238,-0.080
4.239,-0.078
4.240,-0.078
4.241,-0.078
4.242,-0.079
4.243,-0.081
4.244,-0.078
4.245,-0.075
4.246,-0.076
4.247,-0.078
4.248,-0.078
4.249,-0.078
4.250,-0.077
4.251,-0.078
4.252,-0.075
4.253,-0.075
4.254,-0.078
4.255,-0.078
4.256,-0.081
4.257,-0.081
4.258,-0.084
4.259,-0.081
4.260,-0.084
4.261,-0.088
4.262,-0.089
4.263,-0.088
4.264,-0.088
4.265,-0.088
4.266,-0.086
4.267,-0.088
4.268,-0.092
4.269,-0.100
4.270,-0.098
4.271,-0.100
4.272,-0.097
4.273,-0.100
4.274,-0.099
4.275,-0.097
4.276,-0.094
4.277,-0.091
4.278,-0.089
4.279,-0.088
4.280,-0.091
4.281,-0.091
4.282,-0.092
4.283,-0.097
4.284,-0.098
4.285,-0.103
4.286,-0.099
4.287,-0.094
4.288,-0.089
4.289,-0.088
4.290,-0.088
4.291,-0.091
4.292,-0.094
4.293,-0.094
4.294,-0.098
4.295,-0.100
4.296,-0.100
4.297,-0.100
4.298,-0.104
4.299,-0.103
4.300,-0.103
4.301,-0.103
4.302,-0.104
4.303,-0.106
4.304,-0.106
4.305,-0.106
4.306,-0.108
4.307,-0.109
4.308,-0.109
4.309,-0.109
4.310,-0.109
4.311,-0.109
4.312,-0.108
4.313,-0.109
4.314,-0.109
4.315,-0.109
4.316,-0.111
4.317,-0.112
4.318,-0.112
4.319,-0.112
4.320,-0.112
4.321,-0.112
4.322,-0.116
4.323,-0.116
4.324,-0.112
4.325,-0.112
4.326,-0.112
4.327,-0.116
4.328,-0.114
4.329,-0.116
4.330,-0.112
4.331,-0.112
4.332,-0.114
4.333,-0.116
4.334,-0.114
4.335,-0.116
4.336,-0.112
4.337,-0.112
4.338,-0.112
4.339,-0.112
4.340,-0.119
4.341,-0.119
4.342,-0.123
4.343,-0.122
4.344,-0.122
4.345,-0.122
4.346,-0.123
4.347,-0.125
4.348,-0.129
4.349,-0.128
4.350,-0.127
4.351,-0.125
4.352,-0.130
4.353,-0.128
4.354,-0.129
4.355,-0.131
4.356,-0.130
4.357,-0.128
4.358,-0.127
4.359,-0.125
4.360,-0.126
4.361,-0.125
4.362,-0.122
4.363,-0.122
4.364,-0.125
4.365,-0.125
4.366,-0.121
4.367,-0.122
4.368,-0.126
4.369,-0.128
4.370,-0.125
4.371,-0.125
4.372,-0.127
4.373,-0.125
4.374,-0.125
4.375,-0.125
4.376,-0.125
4.377,-0.125
4.378,-0.122
4.379,-0.122
4.380,-0.123
4.381,-0.122
4.382,-0.121
4.383,-0.122
4.384,-0.122
4.385,-0.122
4.386,-0.125
4.387,-0.125
4.388,-0.125
4.389,-0.125
4.390,-0.125
4.391,-0.128
4.392,-0.131
4.393,-0.131
4.394,-0.128
4.395,-0.131
4.396,-0.130
4.397,-0.125
4.398,-0.127
4.399,-0.125
4.400,-0.129
4.401,-0.128
4.402,-0.124
4.403,-0.119
4.404,-0.120
4.405,-0.125
4.406,-0.128
4.407,-0.131
4.408,-0.129
4.409,-0.128
4.410,-0.130
4.411,-0.128
4.412,-0.128
4.413,-0.125
4.414,-0.124
4.415,-0.122
4.416,-0.122
4.417,-0.125
4.418,-0.125
4.419,-0.128
4.420,-0.126
4.421,-0.128
4.422,-0.127
4.423,-0.125
4.424,-0.128
4.425,-0.128
4.426,-0.127
4.427,-0.128
4.428,-0.126
4.429,-0.125
4.430,-0.128
4.431,-0.128
4.432,-0.127
4.433,-0.128
4.434,-0.128
4.435,-0.128
4.436,-0.128
4.437,-0.128
4.438,-0.130
4.439,-0.128
4.440,-0.127
4.441,-0.128
4.442,-0.128
4.443,-0.128
4.444,-0.128
4.445,-0.131
4.446,-0.134
4.447,-0.134
4.448,-0.133
4.449,-0.131
4.450,-0.132
4.451,-0.134
4.452,-0.134
4.453,-0.134
4.454,-0.131
4.455,-0.131
4.456,-0.133
4.457,-0.128
4.458,-0.131
4.459,-0.131
4.460,-0.132
4.461,-0.128
4.462,-0.127
4.463,-0.125
4.464,-0.127
4.465,-0.128
4.466,-0.128
4.467,-0.128
4.468,-0.129
4.469,-0.131
4.470,-0.130
4.471,-0.128
4.472,-0.129
4.473,-0.131
4.474,-0.134
4.475,-0.134
4.476,-0.133
4.477,-0.131
4.478,-0.133
4.479,-0.131
4.480,-0.130
4.481,-0.128
4.482,-0.125
4.483,-0.125
4.484,-0.124
4.485,-0.125
4.486,-0.125
4.487,-0.131
4.488,-0.136
4.489,-0.138
4.490,-0.134
4.491,-0.134
4.492,-0.131
4.493,-0.131
4.494,-0.130
4.495,-0.128
4.496,-0.130
4.497,-0.125
4.498,-0.125
4.499,-0.125
4.500,-0.128
4.501,-0.128
4.502,-0.124
4.503,-0.125
4.504,-0.125
4.505,-0.125
4.506,-0.126
4.507,-0.125
4.508,-0.125
4.509,-0.125
4.510,-0.129
4.511,-0.128
4.512,-0.127
4.513,-0.128
4.514,-0.128
4.515,-0.128
4.516,-0.128
4.517,-0.128
4.518,-0.129
4.519,-0.128
4.520,-0.131
4.521,-0.131
4.522,-0.131
4.523,-0.131
4.524,-0.136
4.525,-0.141
4.526,-0.138
4.527,-0.134
4.528,-0.138
4.529,-0.138
4.530,-0.131
4.531,-0.131
4.532,-0.134
4.533,-0.134
4.534,-0.133
4.535,-0.131
4.536,-0.131
4.537,-0.131
4.538,-0.130
4.539,-0.128
4.540,-0.125
4.541,-0.125
4.542,-0.128
4.543,-0.131
4.544,-0.128
4.545,-0.128
4.546,-0.131
4.547,-0.131
4.548,-0.132
4.549,-0.131
4.550,-0.132
4.551,-0.134
4.552,-0.134
4.553,-0.134
4.554,-0.134
4.555,-0.134
4.556,-0.131
4.557,-0.134
4.558,-0.136
4.559,-0.141
4.560,-0.142
4.561,-0.141
4.562,-0.134
4.563,-0.131
4.564,-0.128
4.565,-0.128
4.566,-0.130
4.567,-0.125
4.568,-0.124
4.569,-0.125
4.570,-0.126
4.571,-0.131
4.572,-0.134
4.573,-0.138
4.574,-0.138
4.575,-0.138
4.576,-0.141
4.577,-0.141
4.578,-0.141
4.579,-0.141
4.580,-0.138
4.581,-0.134
4.582,-0.131
4.583,-0.134
4.584,-0.132
4.585,-0.134
4.586,-0.134
4.587,-0.134
4.588,-0.131
4.589,-0.134
4.590,-0.131
4.591,-0.128
4.592,-0.129
4.593,-0.134
4.594,-0.132
4.595,-0.134
4.596,-0.131
4.597,-0.131
4.598,-0.131
4.599,-0.128
4.600,-0.132
4.601,-0.131
4.602,-0.131
4.603,-0.131
4.604,-0.130
4.605,-0.128
4.606,-0.131
4.607,-0.131
4.608,-0.132
4.609,-0.134
4.610,-0.133
4.611,-0.131
4.612,-0.136
4.613,-0.138
4.614,-0.136
4.615,-0.138
4.616,-0.138
4.617,-0.138
4.618,-0.134
4.619,-0.138
4.620,-0.138
4.621,-0.138
4.622,-0.136
4.623,-0.134
4.624,-0.136
4.625,-0.131
4.626,-0.131
4.627,-0.131
4.628,-0.131
4.629,-0.134
4.630,-0.128
4.631,-0.128
4.632,-0.132
4.633,-0.134
4.634,-0.134
4.635,-0.134
4.636,-0.130
4.637,-0.128
4.638,-0.127
4.639,-0.125
4.640,-0.126
4.641,-0.125
4.642,-0.126
4.643,-0.128
4.644,-0.128
4.645,-0.125
4.646,-0.119
4.647,-0.112
4.648,-0.102
4.649,-0.091
4.650,-0.079
4.651,-0.072
4.652,-0.070
4.653,-0.069
4.654,-0.062
4.655,-0.056
4.656,-0.051
4.657,-0.041
4.658,-0.027
4.659,-0.016
4.660,-0.012
4.661,-0.012
4.662,-0.011
4.663,-0.012
4.664,-0.014
4.665,-0.012
4.666,-0.014
4.667,-0.019
4.668,-0.021
4.669,-0.022
4.670,-0.019
4.671,-0.022
4.672,-0.021
4.673,-0.016
4.674,-0.009
4.675,0.000
4.676,0.011
4.677,0.019
4.678,0.028
4.679,0.038
4.680,0.047
4.681,0.053
4.682,0.062
4.683,0.066
4.684,0.075
4.685,0.078
4.686,0.078
4.687,0.075
4.688,0.074
4.689,0.072
4.690,0.067
4.691,0.066
4.692,0.062
4.693,0.059
4.694,0.052
4.695,0.044
4.696,0.041
4.697,0.038
4.698,0.031
4.699,0.031
4.700,0.029
4.701,0.031
4.702,0.032
4.703,0.028
4.704,0.021
4.705,0.016
4.706,0.009
4.707,0.009
4.708,0.011
4.709,0.012
4.710,0.008
4.711,0.003
4.712,-0.003
4.713,-0.009
4.714,-0.014
4.715,-0.016
4.716,-0.021
4.717,-0.028
4.718,-0.034
4.719,-0.038
4.720,-0.044
4.721,-0.053
4.722,-0.058
4.723,-0.066
4.724,-0.074
4.725,-0.081
4.726,-0.092
4.727,-0.097
4.728,-0.108
4.729,-0.116
4.730,-0.122
4.731,-0.128
4.732,-0.138
4.733,-0.144
4.734,-0.144
4.735,-0.147
4.736,-0.151
4.737,-0.156
4.738,-0.164
4.739,-0.162
4.740,-0.166
4.741,-0.166
4.742,-0.169
4.743,-0.169
4.744,-0.169
4.745,-0.166
4.746,-0.166
4.747,-0.162
4.748,-0.159
4.749,-0.159
4.750,-0.158
4.751,-0.159
4.752,-0.159
4.753,-0.162
4.754,-0.164
4.755,-0.166
4.756,-0.169
4.757,-0.166
4.758,-0.169
4.759,-0.166
4.760,-0.168
4.761,-0.169
4.762,-0.172
4.763,-0.172
4.764,-0.170
4.765,-0.172
4.766,-0.172
4.767,-0.172
4.768,-0.169
4.769,-0.169
4.770,-0.172
4.771,-0.172
4.772,-0.172
4.773,-0.172
4.774,-0.171
4.775,-0.169
4.776,-0.172
4.777,-0.169
4.778,-0.170
4.779,-0.169
4.780,-0.164
4.781,-0.159
4.782,-0.161
4.783,-0.159
4.784,-0.159
4.785,-0.159
4.786,-0.164
4.787,-0.169
4.788,-0.175
4.789,-0.181
4.790,-0.196
4.791,-0.206
4.792,-0.223
4.793,-0.250
4.794,-0.271
4.795,-0.288
4.796,-0.303
4.797,-0.306
4.798,-0.303
4.799,-0.284
4.800,-0.261
4.801,-0.241
4.802,-0.208
4.803,-0.162
4.804,-0.117
4.805,-0.072
4.806,-0.029
4.807,0.012
4.808,0.066
4.809,0.122
4.810,0.174
4.811,0.225
4.812,0.294
4.813,0.375
4.814,0.471
4.815,0.572
4.816,0.677
4.817,0.775
4.818,0.878
4.819,1.000
4.820,1.117
4.821,1.219
4.822,1.309
4.823,1.378
4.824,1.431
4.825,1.456
4.826,1.471
4.827,1.463
4.828,1.437
4.829,1.406
4.830,1.371
4.831,1.322
4.832,1.277
4.833,1.222
4.834,1.146
4.835,1.056
4.836,0.934
4.837,0.806
4.838,0.681
4.839,0.569
4.840,0.466
4.841,0.397
4.842,0.339
4.843,0.300
4.844,0.266
4.845,0.228
4.846,0.191
4.847,0.156
4.848,0.119
4.849,0.084
4.850,0.053
4.851,0.031
4.852,0.020
4.853,0.012
4.854,0.001
4.855,-0.009
4.856,-0.023
4.857,-0.025
4.858,-0.014
4.859,-0.006
4.860,-0.004
4.861,0.003
4.862,0.008
4.863,0.006
4.864,-0.003
4.865,-0.012
4.866,-0.019
4.867,-0.028
4.868,-0.034
4.869,-0.041
4.870,-0.047
4.871,-0.047
4.872,-0.052
4.873,-0.056
4.874,-0.061
4.875,-0.069
4.876,-0.072
4.877,-0.075
4.878,-0.075
4.879,-0.078
4.880,-0.075
4.881,-0.081
4.882,-0.088
4.883,-0.097
4.884,-0.103
4.885,-0.106
4.886,-0.109
4.887,-0.109
4.888,-0.109
4.889,-0.109
4.890,-0.111
4.891,-0.109
4.892,-0.108
4.893,-0.106
4.894,-0.108
4.895,-0.109
4.896,-0.109
4.897,-0.109
4.898,-0.116
4.899,-0.119
4.900,-0.116
4.901,-0.112
4.902,-0.111
4.903,-0.112
4.904,-0.116
4.905,-0.112
4.906,-0.116
4.907,-0.116
4.908,-0.117
4.909,-0.116
4.910,-0.112
4.911,-0.106
4.912,-0.108
4.913,-0.109
4.914,-0.108
4.915,-0.106
4.916,-0.108
4.917,-0.103
4.918,-0.104
4.919,-0.103
4.920,-0.103
4.921,-0.103
4.922,-0.103
4.923,-0.103
4.924,-0.103
4.925,-0.106
4.926,-0.104
4.927,-0.103
4.928,-0.099
4.929,-0.094
4.930,-0.094
4.931,-0.091
4.932,-0.097
4.933,-0.097
4.934,-0.100
4.935,-0.103
4.936,-0.103
4.937,-0.100
4.938,-0.096
4.939,-0.088
4.940,-0.086
4.941,-0.081
4.942,-0.082
4.943,-0.081
4.944,-0.078
4.945,-0.078
4.946,-0.078
4.947,-0.078
4.948,-0.077
4.949,-0.078
4.950,-0.078
4.951,-0.078
4.952,-0.076
4.953,-0.075
4.954,-0.070
4.955,-0.072
4.956,-0.072
4.957,-0.072
4.958,-0.070
4.959,-0.072
4.960,-0.068
4.961,-0.062
4.962,-0.062
4.963,-0.059
4.964,-0.059
4.965,-0.059
4.966,-0.061
4.967,-0.059
4.968,-0.058
4.969,-0.056
4.970,-0.058
4.971,-0.059
4.972,-0.053
4.973,-0.050
4.974,-0.051
4.975,-0.050
4.976,-0.050
4.977,-0.050
4.978,-0.044
4.979,-0.041
4.980,-0.038
4.981,-0.038
4.982,-0.038
4.983,-0.041
4.984,-0.041
4.985,-0.041
4.986,-0.039
4.987,-0.034
4.988,-0.034
4.989,-0.031
4.990,-0.031
4.991,-0.031
4.992,-0.031
4.993,-0.028
4.994,-0.024
4.995,-0.022
4.996,-0.025
4.997,-0.028
4.998,-0.025
4.999,-0.025
5.000,-0.022
5.001,-0.016
5.002,-0.009
5.003,-0.006
5.004,-0.006
5.005,-0.006
5.006,-0.006
5.007,-0.006
5.008,0.002
5.009,0.003
5.010,0.004
5.011,0.006
5.012,0.008
5.013,0.009
5.014,0.009
5.015,0.009
5.016,0.012
5.017,0.022
5.018,0.021
5.019,0.022
5.020,0.022
5.021,0.022
5.022,0.025
5.023,0.025
5.024,0.025
5.025,0.025
5.026,0.029
5.027,0.034
5.028,0.039
5.029,0.041
5.030,0.038
5.031,0.041
5.032,0.045
5.033,0.047
5.034,0.050
5.035,0.047
5.036,0.050
5.037,0.053
5.038,0.052
5.039,0.053
5.040,0.056
5.041,0.056
5.042,0.059
5.043,0.062
5.044,0.062
5.045,0.059
5.046,0.062
5.047,0.066
5.048,0.073
5.049,0.084
5.050,0.083
5.051,0.088
5.052,0.089
5.053,0.091
5.054,0.098
5.055,0.103
5.056,0.102
5.057,0.106
5.058,0.111
5.059,0.116
5.060,0.114
5.061,0.119
5.062,0.117
5.063,0.116
5.064,0.123
5.065,0.128
5.066,0.133
5.067,0.134
5.068,0.136
5.069,0.141
5.070,0.147
5.071,0.150
5.072,0.150
5.073,0.153
5.074,0.155
5.075,0.159
5.076,0.162
5.077,0.175
5.078,0.178
5.079,0.184
5.080,0.182
5.081,0.188
5.082,0.192
5.083,0.200
5.084,0.200
5.085,0.197
5.086,0.202
5.087,0.206
5.088,0.208
5.089,0.216
5.090,0.223
5.091,0.231
5.092,0.231
5.093,0.234
5.094,0.236
5.095,0.241
5.096,0.245
5.097,0.253
5.098,0.253
5.099,0.256
5.100,0.256
5.101,0.262
5.102,0.266
5.103,0.266
5.104,0.269
5.105,0.269
5.106,0.275
5.107,0.281
5.108,0.291
5.109,0.297
5.110,0.299
5.111,0.306
5.112,0.311
5.113,0.309
5.114,0.314
5.115,0.322
5.116,0.324
5.117,0.328
5.118,0.328
5.119,0.328
5.120,0.339
5.121,0.344
5.122,0.344
5.123,0.350
5.124,0.355
5.125,0.356
5.126,0.356
5.127,0.359
5.128,0.364
5.129,0.366
5.130,0.372
5.131,0.375
5.132,0.378
5.133,0.378
5.134,0.379
5.135,0.384
5.136,0.386
5.137,0.388
5.138,0.394
5.139,0.400
5.140,0.403
5.141,0.400
5.142,0.402
5.143,0.400
5.144,0.398
5.145,0.397
5.146,0.398
5.147,0.397
5.148,0.399
5.149,0.397
5.150,0.398
5.151,0.397
5.152,0.393
5.153,0.388
5.154,0.388
5.155,0.381
5.156,0.378
5.157,0.375
5.158,0.369
5.159,0.366
5.160,0.359
5.161,0.356
5.162,0.350
5.163,0.347
5.164,0.338
5.165,0.328
5.166,0.319
5.167,0.312
5.168,0.302
5.169,0.294
5.170,0.284
5.171,0.275
5.172,0.269
5.173,0.259
5.174,0.252
5.175,0.241
5.176,0.234
5.177,0.228
5.178,0.225
5.179,0.216
5.180,0.211
5.181,0.203
5.182,0.198
5.183,0.194
5.184,0.186
5.185,0.175
5.186,0.167
5.187,0.156
5.188,0.150
5.189,0.147
5.190,0.139
5.191,0.134
5.192,0.122
5.193,0.109
5.194,0.099
5.195,0.091
5.196,0.084
5.197,0.081
5.198,0.078
5.199,0.072
5.200,0.064
5.201,0.059
5.202,0.056
5.203,0.050
5.204,0.053
5.205,0.050
5.206,0.039
5.207,0.034
5.208,0.036
5.209,0.034
5.210,0.029
5.211,0.025
5.212,0.022
5.213,0.019
5.214,0.011
5.215,0.006
5.216,-0.001
5.217,-0.006
5.218,-0.011
5.219,-0.012
5.220,-0.014
5.221,-0.019
5.222,-0.022
5.223,-0.025
5.224,-0.030
5.225,-0.028
5.226,-0.027
5.227,-0.025
5.228,-0.028
5.229,-0.031
5.230,-0.031
5.231,-0.031
5.232,-0.033
5.233,-0.031
5.234,-0.034
5.235,-0.034
5.236,-0.038
5.237,-0.044
5.238,-0.048
5.239,-0.050
5.240,-0.051
5.241,-0.053
5.242,-0.053
5.243,-0.053
5.244,-0.052
5.245,-0.053
5.246,-0.050
5.247,-0.050
5.248,-0.049
5.249,-0.047
5.250,-0.050
5.251,-0.050
5.252,-0.051
5.253,-0.050
5.254,-0.053
5.255,-0.053
5.256,-0.053
5.257,-0.053
5.258,-0.052
5.259,-0.053
5.260,-0.056
5.261,-0.059
5.262,-0.061
5.263,-0.066
5.264,-0.064
5.265,-0.066
5.266,-0.070
5.267,-0.066
5.268,-0.068
5.269,-0.066
5.270,-0.066
5.271,-0.066
5.272,-0.066
5.273,-0.066
5.274,-0.069
5.275,-0.069
5.276,-0.070
5.277,-0.072
5.278,-0.071
5.279,-0.069
5.280,-0.070
5.281,-0.072
5.282,-0.072
5.283,-0.072
5.284,-0.072
5.285,-0.072
5.286,-0.072
5.287,-0.075
5.288,-0.072
5.289,-0.072
5.290,-0.076
5.291,-0.078
5.292,-0.078
5.293,-0.075
5.294,-0.081
5.295,-0.081
5.296,-0.084
5.297,-0.088
5.298,-0.091
5.299,-0.091
5.300,-0.088
5.301,-0.084
5.302,-0.081
5.303,-0.081
5.304,-0.080
5.305,-0.081
5.306,-0.075
5.307,-0.072
5.308,-0.072
5.309,-0.078
5.310,-0.082
5.311,-0.088
5.312,-0.089
5.313,-0.091
5.314,-0.089
5.315,-0.088
5.316,-0.091
5.317,-0.091
5.318,-0.089
5.319,-0.091
5.320,-0.089
5.321,-0.091
5.322,-0.091
5.323,-0.091
5.324,-0.092
5.325,-0.097
5.326,-0.097
5.327,-0.100
5.328,-0.103
5.329,-0.103
5.330,-0.103
5.331,-0.100
5.332,-0.097
5.333,-0.094
5.334,-0.097
5.335,-0.094
5.336,-0.097
5.337,-0.100
5.338,-0.099
5.339,-0.097
5.340,-0.097
5.341,-0.097
5.342,-0.097
5.343,-0.097
5.344,-0.098
5.345,-0.100
5.346,-0.101
5.347,-0.103
5.348,-0.102
5.349,-0.103
5.350,-0.103
5.351,-0.103
5.352,-0.103
5.353,-0.103
5.354,-0.104
5.355,-0.106
5.356,-0.106
5.357,-0.106
5.358,-0.111
5.359,-0.112
5.360,-0.109
5.361,-0.109
5.362,-0.111
5.363,-0.116
5.364,-0.116
5.365,-0.119
5.366,-0.119
5.367,-0.122
5.368,-0.123
5.369,-0.125
5.370,-0.124
5.371,-0.125
5.372,-0.119
5.373,-0.116
5.374,-0.114
5.375,-0.112
5.376,-0.114
5.377,-0.109
5.378,-0.112
5.379,-0.109
5.380,-0.108
5.381,-0.106
5.382,-0.106
5.383,-0.106
5.384,-0.111
5.385,-0.109
5.386,-0.108
5.387,-0.106
5.388,-0.111
5.389,-0.109
5.390,-0.109
5.391,-0.109
5.392,-0.109
5.393,-0.109
5.394,-0.111
5.395,-0.112
5.396,-0.112
5.397,-0.109
5.398,-0.108
5.399,-0.109
5.400,-0.116
5.401,-0.119
5.402,-0.117
5.403,-0.122
5.404,-0.125
5.405,-0.125
5.406,-0.123
5.407,-0.125
5.408,-0.128
5.409,-0.128
5.410,-0.128
5.411,-0.128
5.412,-0.126
5.413,-0.125
5.414,-0.122
5.415,-0.122
5.416,-0.123
5.417,-0.122
5.418,-0.121
5.419,-0.122
5.420,-0.119
5.421,-0.116
5.422,-0.116
5.423,-0.112
5.424,-0.112
5.425,-0.112
5.426,-0.114
5.427,-0.119
5.428,-0.122
5.429,-0.122
5.430,-0.119
5.431,-0.122
5.432,-0.123
5.433,-0.122
5.434,-0.124
5.435,-0.122
5.436,-0.126
5.437,-0.125
5.438,-0.124
5.439,-0.122
5.440,-0.121
5.441,-0.122
5.442,-0.122
5.443,-0.122
5.444,-0.122
5.445,-0.122
5.446,-0.124
5.447,-0.122
5.448,-0.125
5.449,-0.125
5.450,-0.125
5.451,-0.125
5.452,-0.122
5.453,-0.122
5.454,-0.118
5.455,-0.116
5.456,-0.114
5.457,-0.116
5.458,-0.114
5.459,-0.112
5.460,-0.117
5.461,-0.119
5.462,-0.120
5.463,-0.125
5.464,-0.123
5.465,-0.122
5.466,-0.125
5.467,-0.125
5.468,-0.125
5.469,-0.128
5.470,-0.126
5.471,-0.125
5.472,-0.125
5.473,-0.125
5.474,-0.127
5.475,-0.125
5.476,-0.124
5.477,-0.125
5.478,-0.124
5.479,-0.122
5.480,-0.119
5.481,-0.119
5.482,-0.122
5.483,-0.122
5.484,-0.123
5.485,-0.125
5.486,-0.125
5.487,-0.125
5.488,-0.122
5.489,-0.119
5.490,-0.116
5.491,-0.116
5.492,-0.120
5.493,-0.119
5.494,-0.122
5.495,-0.122
5.496,-0.123
5.497,-0.119
5.498,-0.119
5.499,-0.119
5.500,-0.122
5.501,-0.125
5.502,-0.126
5.503,-0.128
5.504,-0.128
5.505,-0.128
5.506,-0.128
5.507,-0.128
5.508,-0.129
5.509,-0.131
5.510,-0.130
5.511,-0.125
5.512,-0.125
5.513,-0.125
5.514,-0.128
5.515,-0.128
5.516,-0.128
5.517,-0.128
5.518,-0.125
5.519,-0.125
5.520,-0.124
5.521,-0.125
5.522,-0.121
5.523,-0.122
5.524,-0.125
5.525,-0.125
5.526,-0.122
5.527,-0.122
5.528,-0.122
5.529,-0.122
5.530,-0.122
5.531,-0.122
5.532,-0.125
5.533,-0.125
5.534,-0.125
5.535,-0.122
5.536,-0.124
5.537,-0.119
5.538,-0.116
5.539,-0.119
5.540,-0.122
5.541,-0.122
5.542,-0.123
5.543,-0.122
5.544,-0.123
5.545,-0.122
5.546,-0.121
5.547,-0.119
5.548,-0.118
5.549,-0.119
5.550,-0.119
5.551,-0.122
5.552,-0.122
5.553,-0.125
5.554,-0.126
5.555,-0.125
5.556,-0.128
5.557,-0.128
5.558,-0.129
5.559,-0.131
5.560,-0.129
5.561,-0.131
5.562,-0.131
5.563,-0.134
5.564,-0.130
5.565,-0.128
5.566,-0.131
5.567,-0.131
5.568,-0.131
5.569,-0.131
5.570,-0.131
5.571,-0.131
5.572,-0.128
5.573,-0.131
5.574,-0.130
5.575,-0.128
5.576,-0.128
5.577,-0.128
5.578,-0.129
5.579,-0.131
5.580,-0.130
5.581,-0.131
5.582,-0.128
5.583,-0.122
5.584,-0.122
5.585,-0.119
5.586,-0.117
5.587,-0.119
5.588,-0.122
5.589,-0.125
5.590,-0.125
5.591,-0.125
5.592,-0.126
5.593,-0.125
5.594,-0.125
5.595,-0.128
5.596,-0.134
5.597,-0.134
5.598,-0.133
5.599,-0.134
5.600,-0.133
5.601,-0.131
5.602,-0.129
5.603,-0.131
5.604,-0.128
5.605,-0.125
5.606,-0.126
5.607,-0.128
5.608,-0.129
5.609,-0.128
5.610,-0.131
5.611,-0.131
5.612,-0.134
5.613,-0.134
5.614,-0.131
5.615,-0.131
5.616,-0.136
5.617,-0.134
5.618,-0.133
5.619,-0.134
5.620,-0.131
5.621,-0.131
5.622,-0.136
5.623,-0.134
5.624,-0.133
5.625,-0.131
5.626,-0.131
5.627,-0.131
5.628,-0.128
5.629,-0.128
5.630,-0.127
5.631,-0.125
5.632,-0.125
5.633,-0.125
5.634,-0.126
5.635,-0.125
5.636,-0.128
5.637,-0.125
5.638,-0.126
5.639,-0.128
5.640,-0.125
5.641,-0.122
5.642,-0.131
5.643,-0.131
5.644,-0.128
5.645,-0.128
5.646,-0.132
5.647,-0.131
5.648,-0.130
5.649,-0.125
5.650,-0.124
5.651,-0.125
5.652,-0.125
5.653,-0.128
5.654,-0.129
5.655,-0.134
5.656,-0.133
5.657,-0.131
5.658,-0.131
5.659,-0.134
5.660,-0.134
5.661,-0.134
5.662,-0.133
5.663,-0.131
5.664,-0.131
5.665,-0.134
5.666,-0.138
5.667,-0.141
5.668,-0.139
5.669,-0.131
5.670,-0.129
5.671,-0.128
5.672,-0.131
5.673,-0.131
5.674,-0.131
5.675,-0.131
5.676,-0.131
5.677,-0.134
5.678,-0.132
5.679,-0.134
5.680,-0.133
5.681,-0.131
5.682,-0.139
5.683,-0.138
5.684,-0.138
5.685,-0.141
5.686,-0.136
5.687,-0.131
5.688,-0.131
5.689,-0.128
5.690,-0.129
5.691,-0.131
5.692,-0.130
5.693,-0.125
5.694,-0.122
5.695,-0.125
5.696,-0.122
5.697,-0.119
5.698,-0.116
5.699,-0.112
5.700,-0.111
5.701,-0.106
5.702,-0.103
5.703,-0.094
5.704,-0.084
5.705,-0.081
5.706,-0.077
5.707,-0.069
5.708,-0.061
5.709,-0.053
5.710,-0.039
5.711,-0.028
5.712,-0.023
5.713,-0.019
5.714,-0.014
5.715,-0.012
5.716,-0.014
5.717,-0.012
5.718,-0.012
5.719,-0.016
5.720,-0.019
5.721,-0.022
5.722,-0.026
5.723,-0.025
5.724,-0.028
5.725,-0.028
5.726,-0.028
5.727,-0.025
5.728,-0.012
5.729,0.000
5.730,0.008
5.731,0.019
5.732,0.028
5.733,0.038
5.734,0.044
5.735,0.053
5.736,0.058
5.737,0.069
5.738,0.072
5.739,0.072
5.740,0.066
5.741,0.066
5.742,0.072
5.743,0.069
5.744,0.066
5.745,0.066
5.746,0.067
5.747,0.062
5.748,0.058
5.749,0.053
5.750,0.046
5.751,0.038
5.752,0.036
5.753,0.031
5.754,0.032
5.755,0.034
5.756,0.029
5.757,0.025
5.758,0.019
5.759,0.009
5.760,0.009
5.761,0.009
5.762,0.011
5.763,0.009
5.764,0.008
5.765,0.003
5.766,-0.002
5.767,-0.006
5.768,-0.011
5.769,-0.019
5.770,-0.028
5.771,-0.031
5.772,-0.031
5.773,-0.038
5.774,-0.047
5.775,-0.050
5.776,-0.056
5.777,-0.066
5.778,-0.071
5.779,-0.075
5.780,-0.082
5.781,-0.097
5.782,-0.103
5.783,-0.109
5.784,-0.114
5.785,-0.119
5.786,-0.123
5.787,-0.128
5.788,-0.138
5.789,-0.144
5.790,-0.142
5.791,-0.147
5.792,-0.150
5.793,-0.156
5.794,-0.156
5.795,-0.159
5.796,-0.159
5.797,-0.159
5.798,-0.158
5.799,-0.162
5.800,-0.162
5.801,-0.162
5.802,-0.167
5.803,-0.166
5.804,-0.164
5.805,-0.162
5.806,-0.164
5.807,-0.162
5.808,-0.164
5.809,-0.169
5.810,-0.166
5.811,-0.169
5.812,-0.166
5.813,-0.169
5.814,-0.173
5.815,-0.175
5.816,-0.172
5.817,-0.169
5.818,-0.169
5.819,-0.169
5.820,-0.170
5.821,-0.169
5.822,-0.168
5.823,-0.169
5.824,-0.166
5.825,-0.162
5.826,-0.162
5.827,-0.162
5.828,-0.162
5.829,-0.166
5.830,-0.164
5.831,-0.166
5.832,-0.162
5.833,-0.162
5.834,-0.162
5.835,-0.162
5.836,-0.162
5.837,-0.162
5.838,-0.156
5.839,-0.159
5.840,-0.164
5.841,-0.166
5.842,-0.162
5.843,-0.172
5.844,-0.184
5.845,-0.200
5.846,-0.226
5.847,-0.253
5.848,-0.278
5.849,-0.297
5.850,-0.306
5.851,-0.312
5.852,-0.301
5.853,-0.281
5.854,-0.258
5.855,-0.228
5.856,-0.191
5.857,-0.147
5.858,-0.092
5.859,-0.041
5.860,0.003
5.861,0.059
5.862,0.117
5.863,0.175
5.864,0.234
5.865,0.297
5.866,0.366
5.867,0.456
5.868,0.558
5.869,0.666
5.870,0.770
5.871,0.869
5.872,0.981
5.873,1.097
5.874,1.204
5.875,1.306
5.876,1.384
5.877,1.447
5.878,1.479
5.879,1.497
5.880,1.492
5.881,1.466
5.882,1.434
5.883,1.403
5.884,1.349
5.885,1.300
5.886,1.251
5.887,1.178
5.888,1.097
5.889,0.978
5.890,0.856
5.891,0.741
5.892,0.629
5.893,0.522
5.894,0.439
5.895,0.369
5.896,0.317
5.897,0.275
5.898,0.239
5.899,0.203
5.900,0.173
5.901,0.141
5.902,0.102
5.903,0.059
5.904,0.027
5.905,0.006
5.906,-0.002
5.907,-0.012
5.908,-0.031
5.909,-0.044
5.910,-0.047
5.911,-0.047
5.912,-0.042
5.913,-0.038
5.914,-0.027
5.915,-0.019
5.916,-0.016
5.917,-0.019
5.918,-0.024
5.919,-0.025
5.920,-0.030
5.921,-0.034
5.922,-0.038
5.923,-0.041
5.924,-0.044
5.925,-0.053
5.926,-0.061
5.927,-0.066
5.928,-0.072
5.929,-0.075
5.930,-0.079
5.931,-0.084
5.932,-0.088
5.933,-0.084
5.934,-0.094
5.935,-0.094
5.936,-0.098
5.937,-0.103
5.938,-0.102
5.939,-0.103
5.940,-0.103
5.941,-0.103
5.942,-0.103
5.943,-0.103
5.944,-0.099
5.945,-0.097
5.946,-0.097
5.947,-0.100
5.948,-0.104
5.949,-0.106
5.950,-0.109
5.951,-0.116
5.952,-0.116
5.953,-0.116
5.954,-0.112
5.955,-0.106
5.956,-0.106
5.957,-0.109
5.958,-0.103
5.959,-0.103
5.960,-0.100
5.961,-0.097
5.962,-0.098
5.963,-0.103
5.964,-0.101
5.965,-0.103
5.966,-0.103
5.967,-0.103
5.968,-0.103
5.969,-0.106
5.970,-0.104
5.971,-0.106
5.972,-0.103
5.973,-0.103
5.974,-0.099
5.975,-0.094
5.976,-0.094
5.977,-0.094
5.978,-0.098
5.979,-0.097
5.980,-0.097
5.981,-0.100
5.982,-0.100
5.983,-0.100
5.984,-0.101
5.985,-0.109
5.986,-0.105
5.987,-0.103
5.988,-0.103
5.989,-0.103
5.990,-0.097
5.991,-0.094
5.992,-0.089
5.993,-0.091
5.994,-0.091
5.995,-0.091
5.996,-0.091
5.997,-0.088
5.998,-0.081
5.999,-0.078
6.000,-0.077
6.001,-0.075
6.002,-0.078
6.003,-0.078
6.004,-0.078
6.005,-0.075
6.006,-0.075
6.007,-0.072
6.008,-0.072
6.009,-0.072
6.010,-0.073
6.011,-0.072
6.012,-0.071
6.013,-0.069
6.014,-0.070
6.015,-0.072
6.016,-0.070
6.017,-0.072
6.018,-0.072
6.019,-0.072
6.020,-0.068
6.021,-0.066
6.022,-0.066
6.023,-0.066
6.024,-0.070
6.025,-0.069
6.026,-0.067
6.027,-0.069
6.028,-0.062
6.029,-0.059
6.030,-0.059
6.031,-0.056
6.032,-0.058
6.033,-0.056
6.034,-0.055
6.035,-0.050
6.036,-0.049
6.037,-0.044
6.038,-0.041
6.039,-0.041
6.040,-0.038
6.041,-0.041
6.042,-0.038
6.043,-0.034
6.044,-0.038
6.045,-0.038
6.046,-0.032
6.047,-0.031
6.048,-0.027
6.049,-0.022
6.050,-0.022
6.051,-0.019
6.052,-0.019
6.053,-0.019
6.054,-0.019
6.055,-0.019
6.056,-0.020
6.057,-0.022
6.058,-0.023
6.059,-0.025
6.060,-0.025
6.061,-0.016
6.062,-0.006
6.063,0.000
6.064,-0.001
6.065,0.000
6.066,0.002
6.067,0.000
6.068,0.000
6.069,0.000
6.070,0.003
6.071,0.000
6.072,0.004
6.073,0.006
6.074,0.008
6.075,0.012
6.076,0.011
6.077,0.012
6.078,0.017
6.079,0.022
6.080,0.025
6.081,0.028
6.082,0.028
6.083,0.028
6.084,0.033
6.085,0.034
6.086,0.038
6.087,0.044
6.088,0.039
6.089,0.041
6.090,0.044
6.091,0.044
6.092,0.046
6.093,0.047
6.094,0.048
6.095,0.053
6.096,0.055
6.097,0.056
6.098,0.055
6.099,0.059
6.100,0.064
6.101,0.062
6.102,0.066
6.103,0.066
6.104,0.075
6.105,0.081
6.106,0.084
6.107,0.091
6.108,0.097
6.109,0.100
6.110,0.105
6.111,0.106
6.112,0.109
6.113,0.109
6.114,0.116
6.115,0.116
6.116,0.117
6.117,0.125
6.118,0.127
6.119,0.131
6.120,0.134
6.121,0.134
6.122,0.134
6.123,0.134
6.124,0.134
6.125,0.138
6.126,0.141
6.127,0.141
6.128,0.154
6.129,0.162
6.130,0.171
6.131,0.172
6.132,0.178
6.133,0.175
6.134,0.175
6.135,0.175
6.136,0.180
6.137,0.181
6.138,0.181
6.139,0.188
6.140,0.198
6.141,0.203
6.142,0.208
6.143,0.209
6.144,0.211
6.145,0.209
6.146,0.212
6.147,0.219
6.148,0.228
6.149,0.228
6.150,0.231
6.151,0.234
6.152,0.244
6.153,0.247
6.154,0.254
6.155,0.259
6.156,0.259
6.157,0.266
6.158,0.269
6.159,0.272
6.160,0.276
6.161,0.284
6.162,0.284
6.163,0.284
6.164,0.291
6.165,0.294
6.166,0.293
6.167,0.291
6.168,0.295
6.169,0.300
6.170,0.305
6.171,0.309
6.172,0.314
6.173,0.319
6.174,0.322
6.175,0.325
6.176,0.331
6.177,0.338
6.178,0.339
6.179,0.338
6.180,0.342
6.181,0.350
6.182,0.353
6.183,0.359
6.184,0.359
6.185,0.362
6.186,0.367
6.187,0.369
6.188,0.376
6.189,0.381
6.190,0.386
6.191,0.394
6.192,0.396
6.193,0.397
6.194,0.395
6.195,0.400
6.196,0.403
6.197,0.403
6.198,0.400
6.199,0.400
6.200,0.397
6.201,0.400
6.202,0.400
6.203,0.400
6.204,0.400
6.205,0.400
6.206,0.396
6.207,0.394
6.208,0.391
6.209,0.391
6.210,0.386
6.211,0.375
6.212,0.366
6.213,0.356
6.214,0.353
6.215,0.344
6.216,0.339
6.217,0.334
6.218,0.328
6.219,0.319
6.220,0.308
6.221,0.294
6.222,0.288
6.223,0.278
6.224,0.272
6.225,0.272
6.226,0.266
6.227,0.259
6.228,0.251
6.229,0.247
6.230,0.238
6.231,0.228
6.232,0.216
6.233,0.209
6.234,0.203
6.235,0.200
6.236,0.193
6.237,0.184
6.238,0.176
6.239,0.172
6.240,0.164
6.241,0.156
6.242,0.149
6.243,0.138
6.244,0.132
6.245,0.128
6.246,0.122
6.247,0.112
6.248,0.106
6.249,0.100
6.250,0.092
6.251,0.084
6.252,0.078
6.253,0.069
6.254,0.058
6.255,0.050
6.256,0.044
6.257,0.041
6.258,0.036
6.259,0.034
6.260,0.036
6.261,0.034
6.262,0.025
6.263,0.016
6.264,0.008
6.265,0.006
6.266,0.006
6.267,0.000
6.268,0.000
6.269,-0.003
6.270,-0.011
6.271,-0.016
6.272,-0.014
6.273,-0.022
6.274,-0.027
6.275,-0.025
6.276,-0.027
6.277,-0.031
6.278,-0.031
6.279,-0.031
6.280,-0.032
6.281,-0.038
6.282,-0.042
6.283,-0.044
6.284,-0.042
6.285,-0.044
6.286,-0.044
6.287,-0.047
6.288,-0.047
6.289,-0.047
6.290,-0.049
6.291,-0.050
6.292,-0.050
6.293,-0.050
6.294,-0.050
6.295,-0.050
6.296,-0.054
6.297,-0.059
6.298,-0.062
6.299,-0.062
6.300,-0.067
6.301,-0.069
6.302,-0.068
6.303,-0.069
6.304,-0.070
6.305,-0.072
6.306,-0.068
6.307,-0.069
6.308,-0.069
6.309,-0.069
6.310,-0.069
6.311,-0.069
6.312,-0.072
6.313,-0.072
6.314,-0.069
6.315,-0.066
6.316,-0.068
6.317,-0.066
6.318,-0.069
6.319,-0.072
6.320,-0.067
6.321,-0.072
6.322,-0.076
6.323,-0.081
6.324,-0.081
6.325,-0.081
6.326,-0.081
6.327,-0.084
6.328,-0.084
6.329,-0.084
6.330,-0.084
6.331,-0.084
6.332,-0.084
6.333,-0.084
6.334,-0.084
6.335,-0.084
6.336,-0.084
6.337,-0.084
6.338,-0.086
6.339,-0.088
6.340,-0.092
6.341,-0.091
6.342,-0.089
6.343,-0.091
6.344,-0.089
6.345,-0.091
6.346,-0.092
6.347,-0.097
6.348,-0.094
6.349,-0.097
6.350,-0.099
6.351,-0.100
6.352,-0.101
6.353,-0.103
6.354,-0.104
6.355,-0.103
6.356,-0.102
6.357,-0.100
6.358,-0.104
6.359,-0.103
6.360,-0.102
6.361,-0.100
6.362,-0.103
6.363,-0.100
6.364,-0.100
6.365,-0.100
6.366,-0.103
6.367,-0.106
6.368,-0.106
6.369,-0.109
6.370,-0.109
6.371,-0.109
6.372,-0.111
6.373,-0.109
6.374,-0.114
6.375,-0.112
6.376,-0.109
6.377,-0.109
6.378,-0.111
6.379,-0.109
6.380,-0.116
6.381,-0.119
6.382,-0.116
6.383,-0.119
6.384,-0.116
6.385,-0.112
6.386,-0.112
6.387,-0.116
6.388,-0.114
6.389,-0.116
6.390,-0.117
6.391,-0.119
6.392,-0.118
6.393,-0.119
6.394,-0.118
6.395,-0.112
6.396,-0.112
6.397,-0.112
6.398,-0.114
6.399,-0.116
6.400,-0.119
6.401,-0.122
6.402,-0.126
6.403,-0.128
6.404,-0.127
6.405,-0.125
6.406,-0.126
6.407,-0.128
6.408,-0.128
6.409,-0.128
6.410,-0.127
6.411,-0.128
6.412,-0.128
6.413,-0.125
6.414,-0.125
6.415,-0.125
6.416,-0.127
6.417,-0.125
6.418,-0.129
6.419,-0.128
6.420,-0.129
6.421,-0.131
6.422,-0.130
6.423,-0.128
6.424,-0.131
6.425,-0.128
6.426,-0.129
6.427,-0.131
6.428,-0.130
6.429,-0.131
6.430,-0.128
6.431,-0.131
6.432,-0.127
6.433,-0.125
6.434,-0.126
6.435,-0.128
6.436,-0.127
6.437,-0.128
6.438,-0.131
6.439,-0.138
6.440,-0.136
6.441,-0.141
6.442,-0.141
6.443,-0.141
6.444,-0.136
6.445,-0.131
6.446,-0.131
6.447,-0.131
6.448,-0.131
6.449,-0.131
6.450,-0.129
6.451,-0.131
6.452,-0.134
6.453,-0.138
6.454,-0.138
6.455,-0.134
6.456,-0.136
6.457,-0.138
6.458,-0.136
6.459,-0.131
6.460,-0.131
6.461,-0.134
6.462,-0.136
6.463,-0.138
6.464,-0.139
6.465,-0.138
6.466,-0.131
6.467,-0.128
6.468,-0.132
6.469,-0.134
6.470,-0.131
6.471,-0.131
6.472,-0.138
6.473,-0.141
6.474,-0.141
6.475,-0.144
6.476,-0.144
6.477,-0.144
6.478,-0.144
6.479,-0.144
6.480,-0.147
6.481,-0.147
6.482,-0.144
6.483,-0.141
6.484,-0.145
6.485,-0.147
6.486,-0.144
6.487,-0.147
6.488,-0.146
6.489,-0.147
6.490,-0.145
6.491,-0.147
6.492,-0.146
6.493,-0.144
6.494,-0.147
6.495,-0.147
6.496,-0.150
6.497,-0.150
6.498,-0.146
6.499,-0.147
6.500,-0.146
6.501,-0.147
6.502,-0.147
6.503,-0.147
6.504,-0.148
6.505,-0.147
6.506,-0.146
6.507,-0.144
6.508,-0.148
6.509,-0.147
6.510,-0.144
6.511,-0.141
6.512,-0.139
6.513,-0.141
6.514,-0.141
6.515,-0.141
6.516,-0.145
6.517,-0.144
6.518,-0.141
6.519,-0.144
6.520,-0.142
6.521,-0.141
6.522,-0.145
6.523,-0.144
6.524,-0.142
6.525,-0.144
6.526,-0.142
6.527,-0.144
6.528,-0.142
6.529,-0.141
6.530,-0.144
6.531,-0.144
6.532,-0.145
6.533,-0.144
6.534,-0.142
6.535,-0.144
6.536,-0.145
6.537,-0.147
6.538,-0.146
6.539,-0.144
6.540,-0.144
6.541,-0.144
6.542,-0.145
6.543,-0.144
6.544,-0.142
6.545,-0.144
6.546,-0.141
6.547,-0.144
6.548,-0.144
6.549,-0.144
6.550,-0.138
6.551,-0.138
6.552,-0.138
6.553,-0.141
6.554,-0.144
6.555,-0.144
6.556,-0.144
6.557,-0.144
6.558,-0.144
6.559,-0.144
6.560,-0.144
6.561,-0.144
6.562,-0.145
6.563,-0.147
6.564,-0.142
6.565,-0.141
6.566,-0.141
6.567,-0.144
6.568,-0.144
6.569,-0.144
6.570,-0.147
6.571,-0.147
6.572,-0.147
6.573,-0.147
6.574,-0.150
6.575,-0.147
6.576,-0.149
6.577,-0.150
6.578,-0.150
6.579,-0.147
6.580,-0.147
6.581,-0.147
6.582,-0.150
6.583,-0.150
6.584,-0.147
6.585,-0.150
6.586,-0.150
6.587,-0.150
6.588,-0.151
6.589,-0.150
6.590,-0.144
6.591,-0.138
6.592,-0.142
6.593,-0.141
6.594,-0.139
6.595,-0.141
6.596,-0.141
6.597,-0.141
6.598,-0.142
6.599,-0.144
6.600,-0.144
6.601,-0.141
6.602,-0.145
6.603,-0.147
6.604,-0.147
6.605,-0.147
6.606,-0.147
6.607,-0.147
6.608,-0.147
6.609,-0.147
6.610,-0.150
6.611,-0.150
6.612,-0.147
6.613,-0.150
6.614,-0.151
6.615,-0.150
6.616,-0.149
6.617,-0.147
6.618,-0.150
6.619,-0.153
6.620,-0.153
6.621,-0.153
6.622,-0.149
6.623,-0.147
6.624,-0.147
6.625,-0.147
6.626,-0.142
6.627,-0.141
6.628,-0.142
6.629,-0.141
6.630,-0.145
6.631,-0.147
6.632,-0.148
6.633,-0.150
6.634,-0.150
6.635,-0.150
6.636,-0.150
6.637,-0.150
6.638,-0.147
6.639,-0.150
6.640,-0.147
6.641,-0.147
6.642,-0.146
6.643,-0.141
6.644,-0.141
6.645,-0.144
6.646,-0.144
6.647,-0.147
6.648,-0.150
6.649,-0.147
6.650,-0.147
6.651,-0.150
6.652,-0.148
6.653,-0.150
6.654,-0.149
6.655,-0.147
6.656,-0.147
6.657,-0.147
6.658,-0.150
6.659,-0.150
6.660,-0.150
6.661,-0.150
6.662,-0.150
6.663,-0.150
6.664,-0.147
6.665,-0.150
6.666,-0.148
6.667,-0.150
6.668,-0.151
6.669,-0.153
6.670,-0.152
6.671,-0.156
6.672,-0.153
6.673,-0.150
6.674,-0.149
6.675,-0.150
6.676,-0.147
6.677,-0.147
6.678,-0.144
6.679,-0.144
6.680,-0.147
6.681,-0.147
6.682,-0.151
6.683,-0.150
6.684,-0.147
6.685,-0.144
6.686,-0.144
6.687,-0.144
6.688,-0.146
6.689,-0.144
6.690,-0.145
6.691,-0.147
6.692,-0.147
6.693,-0.147
6.694,-0.147
6.695,-0.144
6.696,-0.144
6.697,-0.147
6.698,-0.147
6.699,-0.147
6.700,-0.144
6.701,-0.147
6.702,-0.148
6.703,-0.150
6.704,-0.149
6.705,-0.147
6.706,-0.151
6.707,-0.150
6.708,-0.150
6.709,-0.150
6.710,-0.149
6.711,-0.150
6.712,-0.145
6.713,-0.147
6.714,-0.150
6.715,-0.150
6.716,-0.149
6.717,-0.147
6.718,-0.144
6.719,-0.144
6.720,-0.145
6.721,-0.147
6.722,-0.142
6.723,-0.134
6.724,-0.133
6.725,-0.131
6.726,-0.131
6.727,-0.128
6.728,-0.125
6.729,-0.122
6.730,-0.114
6.731,-0.106
6.732,-0.098
6.733,-0.094
6.734,-0.089
6.735,-0.084
6.736,-0.078
6.737,-0.072
6.738,-0.064
6.739,-0.050
6.740,-0.042
6.741,-0.038
6.742,-0.031
6.743,-0.028
6.744,-0.028
6.745,-0.031
6.746,-0.031
6.747,-0.028
6.748,-0.027
6.749,-0.028
6.750,-0.030
6.751,-0.031
6.752,-0.028
6.753,-0.031
6.754,-0.031
6.755,-0.028
6.756,-0.025
6.757,-0.019
6.758,-0.008
6.759,0.000
6.760,0.009
6.761,0.019
6.762,0.031
6.763,0.041
6.764,0.049
6.765,0.050
6.766,0.055
6.767,0.053
6.768,0.056
6.769,0.056
6.770,0.058
6.771,0.059
6.772,0.053
6.773,0.050
6.774,0.049
6.775,0.047
6.776,0.044
6.777,0.041
6.778,0.038
6.779,0.034
6.780,0.029
6.781,0.031
6.782,0.024
6.783,0.019
6.784,0.019
6.785,0.012
6.786,0.005
6.787,0.000
6.788,-0.003
6.789,0.000
6.790,-0.001
6.791,-0.003
6.792,-0.006
6.793,-0.009
6.794,-0.014
6.795,-0.019
6.796,-0.028
6.797,-0.034
6.798,-0.038
6.799,-0.044
6.800,-0.046
6.801,-0.044
6.802,-0.050
6.803,-0.059
6.804,-0.064
6.805,-0.072
6.806,-0.080
6.807,-0.088
6.808,-0.098
6.809,-0.103
6.810,-0.114
6.811,-0.122
6.812,-0.127
6.813,-0.131
6.814,-0.138
6.815,-0.141
6.816,-0.145
6.817,-0.153
6.818,-0.161
6.819,-0.169
6.820,-0.175
6.821,-0.172
6.822,-0.175
6.823,-0.175
6.824,-0.178
6.825,-0.178
6.826,-0.175
6.827,-0.169
6.828,-0.171
6.829,-0.169
6.830,-0.169
6.831,-0.172
6.832,-0.172
6.833,-0.175
6.834,-0.172
6.835,-0.172
6.836,-0.173
6.837,-0.175
6.838,-0.179
6.839,-0.178
6.840,-0.181
6.841,-0.178
6.842,-0.181
6.843,-0.184
6.844,-0.184
6.845,-0.181
6.846,-0.178
6.847,-0.178
6.848,-0.178
6.849,-0.178
6.850,-0.175
6.851,-0.175
6.852,-0.178
6.853,-0.178
6.854,-0.175
6.855,-0.172
6.856,-0.172
6.857,-0.172
6.858,-0.176
6.859,-0.175
6.860,-0.175
6.861,-0.172
6.862,-0.173
6.863,-0.175
6.864,-0.174
6.865,-0.169
6.866,-0.166
6.867,-0.162
6.868,-0.166
6.869,-0.169
6.870,-0.171
6.871,-0.172
6.872,-0.191
6.873,-0.206
6.874,-0.225
6.875,-0.253
6.876,-0.275
6.877,-0.294
6.878,-0.309
6.879,-0.312
6.880,-0.312
6.881,-0.297
6.882,-0.271
6.883,-0.247
6.884,-0.220
6.885,-0.181
6.886,-0.133
6.887,-0.084
6.888,-0.036
6.889,0.012
6.890,0.069
6.891,0.128
6.892,0.186
6.893,0.244
6.894,0.308
6.895,0.384
6.896,0.481
6.897,0.584
6.898,0.697
6.899,0.803
6.900,0.897
6.901,1.009
6.902,1.131
6.903,1.237
6.904,1.336
6.905,1.413
6.906,1.478
6.907,1.516
6.908,1.528
6.909,1.519
6.910,1.500
6.911,1.475
6.912,1.437
6.913,1.387
6.914,1.339
6.915,1.281
6.916,1.206
6.917,1.119
6.918,1.001
6.919,0.878
6.920,0.746
6.921,0.625
6.922,0.508
6.923,0.425
6.924,0.359
6.925,0.312
6.926,0.278
6.927,0.241
6.928,0.204
6.929,0.172
6.930,0.133
6.931,0.097
6.932,0.058
6.933,0.028
6.934,0.016
6.935,0.006
6.936,-0.006
6.937,-0.019
6.938,-0.031
6.939,-0.031
6.940,-0.028
6.941,-0.028
6.942,-0.019
6.943,-0.003
6.944,0.003
6.945,0.003
6.946,-0.002
6.947,-0.006
6.948,-0.011
6.949,-0.019
6.950,-0.026
6.951,-0.034
6.952,-0.044
6.953,-0.047
6.954,-0.052
6.955,-0.056
6.956,-0.059
6.957,-0.066
6.958,-0.069
6.959,-0.072
6.960,-0.076
6.961,-0.084
6.962,-0.083
6.963,-0.091
6.964,-0.089
6.965,-0.091
6.966,-0.094
6.967,-0.094
6.968,-0.100
6.969,-0.103
6.970,-0.104
6.971,-0.106
6.972,-0.108
6.973,-0.106
6.974,-0.105
6.975,-0.103
6.976,-0.105
6.977,-0.106
6.978,-0.108
6.979,-0.109
6.980,-0.112
6.981,-0.112
6.982,-0.112
6.983,-0.112
6.984,-0.108
6.985,-0.106
6.986,-0.109
6.987,-0.106
6.988,-0.112
6.989,-0.116
6.990,-0.116
6.991,-0.112
6.992,-0.109
6.993,-0.103
6.994,-0.103
6.995,-0.103
6.996,-0.103
6.997,-0.103
6.998,-0.108
6.999,-0.106
7.000,-0.108
7.001,-0.106
7.002,-0.106
7.003,-0.106
7.004,-0.105
7.005,-0.103
7.006,-0.103
7.007,-0.106
7.008,-0.103
7.009,-0.100
7.010,-0.099
7.011,-0.097
7.012,-0.097
7.013,-0.094
7.014,-0.094
7.015,-0.088
7.016,-0.088
7.017,-0.088
7.018,-0.089
7.019,-0.088
7.020,-0.092
7.021,-0.094
7.022,-0.096
7.023,-0.094
7.024,-0.095
7.025,-0.094
7.026,-0.088
7.027,-0.084
7.028,-0.084
7.029,-0.084
7.030,-0.083
7.031,-0.084
7.032,-0.083
7.033,-0.081
7.034,-0.078
7.035,-0.075
7.036,-0.072
7.037,-0.075
7.038,-0.074
7.039,-0.072
7.040,-0.070
7.041,-0.072
7.042,-0.072
7.043,-0.072
7.044,-0.073
7.045,-0.072
7.046,-0.071
7.047,-0.069
7.048,-0.064
7.049,-0.056
7.050,-0.052
7.051,-0.047
7.052,-0.048
7.053,-0.050
7.054,-0.048
7.055,-0.050
7.056,-0.049
7.057,-0.044
7.058,-0.042
7.059,-0.041
7.060,-0.038
7.061,-0.038
7.062,-0.034
7.063,-0.034
7.064,-0.031
7.065,-0.031
7.066,-0.029
7.067,-0.028
7.068,-0.028
7.069,-0.025
7.070,-0.028
7.071,-0.028
7.072,-0.025
7.073,-0.022
7.074,-0.022
7.075,-0.019
7.076,-0.016
7.077,-0.016
7.078,-0.016
7.079,-0.016
7.080,-0.009
7.081,-0.006
7.082,-0.009
7.083,-0.009
7.084,-0.006
7.085,-0.006
7.086,-0.002
7.087,0.003
7.088,0.003
7.089,0.003
7.090,0.011
7.091,0.012
7.092,0.011
7.093,0.009
7.094,0.012
7.095,0.016
7.096,0.017
7.097,0.019
7.098,0.019
7.099,0.025
7.100,0.024
7.101,0.025
7.102,0.029
7.103,0.034
7.104,0.036
7.105,0.034
7.106,0.034
7.107,0.034
7.108,0.038
7.109,0.041
7.110,0.044
7.111,0.044
7.112,0.044
7.113,0.050
7.114,0.056
7.115,0.059
7.116,0.064
7.117,0.062
7.118,0.062
7.119,0.062
7.120,0.064
7.121,0.069
7.122,0.073
7.123,0.075
7.124,0.077
7.125,0.078
7.126,0.081
7.127,0.081
7.128,0.083
7.129,0.084
7.130,0.086
7.131,0.091
7.132,0.091
7.133,0.097
7.134,0.101
7.135,0.106
7.136,0.112
7.137,0.116
7.138,0.114
7.139,0.119
7.140,0.121
7.141,0.122
7.142,0.122
7.143,0.128
7.144,0.132
7.145,0.138
7.146,0.142
7.147,0.144
7.148,0.150
7.149,0.153
7.150,0.153
7.151,0.156
7.152,0.162
7.153,0.166
7.154,0.167
7.155,0.172
7.156,0.175
7.157,0.181
7.158,0.180
7.159,0.188
7.160,0.191
7.161,0.197
7.162,0.194
7.163,0.197
7.164,0.199
7.165,0.203
7.166,0.209
7.167,0.212
7.168,0.217
7.169,0.222
7.170,0.222
7.171,0.228
7.172,0.234
7.173,0.241
7.174,0.239
7.175,0.241
7.176,0.244
7.177,0.250
7.178,0.250
7.179,0.253
7.180,0.261
7.181,0.272
7.182,0.271
7.183,0.275
7.184,0.279
7.185,0.281
7.186,0.286
7.187,0.288
7.188,0.289
7.189,0.291
7.190,0.300
7.191,0.306
7.192,0.303
7.193,0.306
7.194,0.314
7.195,0.316
7.196,0.319
7.197,0.325
7.198,0.329
7.199,0.338
7.200,0.343
7.201,0.347
7.202,0.350
7.203,0.347
7.204,0.347
7.205,0.353
7.206,0.362
7.207,0.369
7.208,0.372
7.209,0.378
7.210,0.383
7.211,0.384
7.212,0.391
7.213,0.394
7.214,0.399
7.215,0.400
7.216,0.399
7.217,0.400
7.218,0.401
7.219,0.403
7.220,0.409
7.221,0.416
7.222,0.417
7.223,0.412
7.224,0.416
7.225,0.416
7.226,0.416
7.227,0.416
7.228,0.416
7.229,0.412
7.230,0.414
7.231,0.412
7.232,0.409
7.233,0.403
7.234,0.399
7.235,0.394
7.236,0.394
7.237,0.388
7.238,0.386
7.239,0.384
7.240,0.375
7.241,0.369
7.242,0.361
7.243,0.356
7.244,0.351
7.245,0.350
7.246,0.344
7.247,0.338
7.248,0.325
7.249,0.316
7.250,0.311
7.251,0.309
7.252,0.303
7.253,0.297
7.254,0.291
7.255,0.281
7.256,0.274
7.257,0.262
7.258,0.255
7.259,0.247
7.260,0.245
7.261,0.238
7.262,0.230
7.263,0.219
7.264,0.209
7.265,0.200
7.266,0.193
7.267,0.181
7.268,0.176
7.269,0.169
7.270,0.159
7.271,0.153
7.272,0.142
7.273,0.134
7.274,0.129
7.275,0.125
7.276,0.122
7.277,0.122
7.278,0.111
7.279,0.103
7.280,0.100
7.281,0.094
7.282,0.086
7.283,0.081
7.284,0.075
7.285,0.066
7.286,0.064
7.287,0.056
7.288,0.049
7.289,0.047
7.290,0.042
7.291,0.034
7.292,0.031
7.293,0.028
7.294,0.028
7.295,0.028
7.296,0.022
7.297,0.019
7.298,0.009
7.299,0.003
7.300,-0.001
7.301,-0.003
7.302,-0.002
7.303,-0.003
7.304,-0.005
7.305,-0.006
7.306,-0.011
7.307,-0.009
7.308,-0.014
7.309,-0.019
7.310,-0.023
7.311,-0.028
7.312,-0.028
7.313,-0.028
7.314,-0.030
7.315,-0.028
7.316,-0.031
7.317,-0.031
7.318,-0.030
7.319,-0.031
7.320,-0.039
7.321,-0.044
7.322,-0.045
7.323,-0.047
7.324,-0.046
7.325,-0.044
7.326,-0.041
7.327,-0.041
7.328,-0.041
7.329,-0.044
7.330,-0.044
7.331,-0.044
7.332,-0.048
7.333,-0.050
7.334,-0.051
7.335,-0.050
7.336,-0.052
7.337,-0.050
7.338,-0.050
7.339,-0.050
7.340,-0.050
7.341,-0.053
7.342,-0.053
7.343,-0.053
7.344,-0.050
7.345,-0.050
7.346,-0.049
7.347,-0.050
7.348,-0.054
7.349,-0.050
7.350,-0.053
7.351,-0.053
7.352,-0.058
7.353,-0.062
7.354,-0.064
7.355,-0.066
7.356,-0.069
7.357,-0.069
7.358,-0.069
7.359,-0.069
7.360,-0.066
7.361,-0.062
7.362,-0.062
7.363,-0.062
7.364,-0.064
7.365,-0.066
7.366,-0.066
7.367,-0.066
7.368,-0.066
7.369,-0.069
7.370,-0.066
7.371,-0.066
7.372,-0.068
7.373,-0.066
7.374,-0.068
7.375,-0.066
7.376,-0.069
7.377,-0.066
7.378,-0.068
7.379,-0.069
7.380,-0.075
7.381,-0.078
7.382,-0.078
7.383,-0.078
7.384,-0.076
7.385,-0.078
7.386,-0.078
7.387,-0.081
7.388,-0.082
7.389,-0.088
7.390,-0.086
7.391,-0.091
7.392,-0.084
7.393,-0.078
7.394,-0.079
7.395,-0.081
7.396,-0.080
7.397,-0.078
7.398,-0.081
7.399,-0.081
7.400,-0.080
7.401,-0.081
7.402,-0.081
7.403,-0.084
7.404,-0.084
7.405,-0.084
7.406,-0.083
7.407,-0.084
7.408,-0.084
7.409,-0.088
7.410,-0.088
7.411,-0.084
7.412,-0.088
7.413,-0.088
7.414,-0.088
7.415,-0.088
7.416,-0.092
7.417,-0.091
7.418,-0.091
7.419,-0.091
7.420,-0.089
7.421,-0.088
7.422,-0.089
7.423,-0.091
7.424,-0.091
7.425,-0.091
7.426,-0.089
7.427,-0.088
7.428,-0.088
7.429,-0.088
7.430,-0.086
7.431,-0.088
7.432,-0.089
7.433,-0.091
7.434,-0.091
7.435,-0.091
7.436,-0.091
7.437,-0.091
7.438,-0.092
7.439,-0.094
7.440,-0.097
7.441,-0.097
7.442,-0.091
7.443,-0.088
7.444,-0.086
7.445,-0.088
7.446,-0.088
7.447,-0.091
7.448,-0.089
7.449,-0.091
7.450,-0.089
7.451,-0.088
7.452,-0.089
7.453,-0.094
7.454,-0.094
7.455,-0.097
7.456,-0.096
7.457,-0.094
7.458,-0.096
7.459,-0.091
7.460,-0.097
7.461,-0.097
7.462,-0.098
7.463,-0.100
7.464,-0.097
7.465,-0.094
7.466,-0.097
7.467,-0.094
7.468,-0.094
7.469,-0.094
7.470,-0.099
7.471,-0.097
7.472,-0.100
7.473,-0.103
7.474,-0.104
7.475,-0.106
7.476,-0.105
7.477,-0.103
7.478,-0.104
7.479,-0.103
7.480,-0.103
7.481,-0.106
7.482,-0.111
7.483,-0.112
7.484,-0.108
7.485,-0.109
7.486,-0.112
7.487,-0.112
7.488,-0.109
7.489,-0.109
7.490,-0.112
7.491,-0.112
7.492,-0.109
7.493,-0.106
7.494,-0.106
7.495,-0.106
7.496,-0.106
7.497,-0.109
7.498,-0.111
7.499,-0.109
7.500,-0.108
7.501,-0.109
7.502,-0.109
7.503,-0.109
7.504,-0.111
7.505,-0.109
7.506,-0.109
7.507,-0.109
7.508,-0.111
7.509,-0.116
7.510,-0.114
7.511,-0.109
7.512,-0.105
7.513,-0.106
7.514,-0.109
7.515,-0.109
7.516,-0.116
7.517,-0.119
7.518,-0.122
7.519,-0.119
7.520,-0.114
7.521,-0.109
7.522,-0.109
7.523,-0.112
7.524,-0.114
7.525,-0.116
7.526,-0.112
7.527,-0.109
7.528,-0.109
7.529,-0.106
7.530,-0.108
7.531,-0.106
7.532,-0.108
7.533,-0.109
7.534,-0.108
7.535,-0.109
7.536,-0.109
7.537,-0.112
7.538,-0.114
7.539,-0.119
7.540,-0.116
7.541,-0.112
7.542,-0.116
7.543,-0.116
7.544,-0.112
7.545,-0.112
7.546,-0.109
7.547,-0.106
7.548,-0.109
7.549,-0.109
7.550,-0.109
7.551,-0.112
7.552,-0.112
7.553,-0.112
7.554,-0.114
7.555,-0.116
7.556,-0.120
7.557,-0.122
7.558,-0.121
7.559,-0.122
7.560,-0.122
7.561,-0.122
7.562,-0.119
7.563,-0.119
7.564,-0.122
7.565,-0.122
7.566,-0.122
7.567,-0.122
7.568,-0.123
7.569,-0.125
7.570,-0.126
7.571,-0.128
7.572,-0.122
7.573,-0.119
7.574,-0.123
7.575,-0.122
7.576,-0.125
7.577,-0.125
7.578,-0.128
7.579,-0.125
7.580,-0.124
7.581,-0.122
7.582,-0.121
7.583,-0.119
7.584,-0.118
7.585,-0.116
7.586,-0.117
7.587,-0.119
7.588,-0.120
7.589,-0.122
7.590,-0.122
7.591,-0.122
7.592,-0.119
7.593,-0.112
7.594,-0.112
7.595,-0.112
7.596,-0.116
7.597,-0.116
7.598,-0.119
7.599,-0.122
7.600,-0.120
7.601,-0.122
7.602,-0.121
7.603,-0.122
7.604,-0.118
7.605,-0.119
7.606,-0.119
7.607,-0.116
7.608,-0.114
7.609,-0.112
7.610,-0.117
7.611,-0.116
7.612,-0.111
7.613,-0.112
7.614,-0.118
7.615,-0.119
7.616,-0.122
7.617,-0.122
7.618,-0.123
7.619,-0.122
7.620,-0.122
7.621,-0.122
7.622,-0.122
7.623,-0.125
7.624,-0.121
7.625,-0.119
7.626,-0.116
7.627,-0.116
7.628,-0.119
7.629,-0.119
7.630,-0.118
7.631,-0.112
7.632,-0.112
7.633,-0.112
7.634,-0.116
7.635,-0.122
7.636,-0.121
7.637,-0.122
7.638,-0.119
7.639,-0.119
7.640,-0.121
7.641,-0.119
7.642,-0.119
7.643,-0.119
7.644,-0.119
7.645,-0.119
7.646,-0.112
7.647,-0.112
7.648,-0.116
7.649,-0.119
7.650,-0.119
7.651,-0.119
7.652,-0.120
7.653,-0.122
7.654,-0.122
7.655,-0.125
7.656,-0.126
7.657,-0.125
7.658,-0.128
7.659,-0.128
7.660,-0.126
7.661,-0.128
7.662,-0.127
7.663,-0.125
7.664,-0.122
7.665,-0.119
7.666,-0.116
7.667,-0.109
7.668,-0.108
7.669,-0.109
7.670,-0.116
7.671,-0.116
7.672,-0.117
7.673,-0.122
7.674,-0.122
7.675,-0.122
7.676,-0.120
7.677,-0.122
7.678,-0.122
7.679,-0.122
7.680,-0.122
7.681,-0.122
7.682,-0.122
7.683,-0.119
7.684,-0.121
7.685,-0.119
7.686,-0.125
7.687,-0.128
7.688,-0.125
7.689,-0.125
7.690,-0.127
7.691,-0.122
7.692,-0.118
7.693,-0.116
7.694,-0.112
7.695,-0.112
7.696,-0.120
7.697,-0.122
7.698,-0.123
7.699,-0.125
7.700,-0.126
7.701,-0.128
7.702,-0.127
7.703,-0.128
7.704,-0.128
7.705,-0.128
7.706,-0.127
7.707,-0.125
7.708,-0.125
7.709,-0.122
7.710,-0.124
7.711,-0.119
7.712,-0.122
7.713,-0.125
7.714,-0.125
7.715,-0.125
7.716,-0.131
7.717,-0.128
7.718,-0.125
7.719,-0.125
7.720,-0.128
7.721,-0.125
7.722,-0.126
7.723,-0.125
7.724,-0.124
7.725,-0.125
7.726,-0.126
7.727,-0.131
7.728,-0.131
7.729,-0.134
7.730,-0.136
7.731,-0.138
7.732,-0.134
7.733,-0.134
7.734,-0.133
7.735,-0.131
7.736,-0.131
7.737,-0.131
7.738,-0.130
7.739,-0.131
7.740,-0.130
7.741,-0.128
7.742,-0.132
7.743,-0.131
7.744,-0.131
7.745,-0.131
7.746,-0.133
7.747,-0.131
7.748,-0.125
7.749,-0.119
7.750,-0.119
7.751,-0.122
7.752,-0.123
7.753,-0.128
7.754,-0.132
7.755,-0.138
7.756,-0.142
7.757,-0.138
7.758,-0.133
7.759,-0.131
7.760,-0.128
7.761,-0.125
7.762,-0.126
7.763,-0.125
7.764,-0.125
7.765,-0.125
7.766,-0.128
7.767,-0.128
7.768,-0.123
7.769,-0.125
7.770,-0.125
7.771,-0.125
7.772,-0.119
7.773,-0.112
7.774,-0.105
7.775,-0.094
7.776,-0.092
7.777,-0.084
7.778,-0.074
7.779,-0.069
7.780,-0.064
7.781,-0.056
7.782,-0.050
7.783,-0.044
7.784,-0.031
7.785,-0.022
7.786,-0.011
7.787,0.000
7.788,0.002
7.789,0.000
7.790,-0.008
7.791,-0.012
7.792,-0.011
7.793,-0.012
7.794,-0.012
7.795,-0.012
7.796,-0.016
7.797,-0.012
7.798,-0.017
7.799,-0.019
7.800,-0.017
7.801,-0.012
7.802,-0.004
7.803,0.003
7.804,0.009
7.805,0.019
7.806,0.027
7.807,0.034
7.808,0.039
7.809,0.047
7.810,0.051
7.811,0.062
7.812,0.070
7.813,0.075
7.814,0.075
7.815,0.081
7.816,0.084
7.817,0.078
7.818,0.072
7.819,0.069
7.820,0.070
7.821,0.066
7.822,0.058
7.823,0.050
7.824,0.044
7.825,0.038
7.826,0.042
7.827,0.044
7.828,0.039
7.829,0.034
7.830,0.022
7.831,0.009
7.832,0.009
7.833,0.006
7.834,0.009
7.835,0.012
7.836,0.012
7.837,0.009
7.838,0.003
7.839,-0.006
7.840,-0.011
7.841,-0.016
7.842,-0.019
7.843,-0.025
7.844,-0.031
7.845,-0.031
7.846,-0.034
7.847,-0.044
7.848,-0.053
7.849,-0.056
7.850,-0.058
7.851,-0.062
7.852,-0.075
7.853,-0.088
7.854,-0.089
7.855,-0.097
7.856,-0.099
7.857,-0.100
7.858,-0.111
7.859,-0.122
7.860,-0.129
7.861,-0.138
7.862,-0.141
7.863,-0.141
7.864,-0.147
7.865,-0.159
7.866,-0.159
7.867,-0.162
7.868,-0.162
7.869,-0.166
7.870,-0.166
7.871,-0.166
7.872,-0.162
7.873,-0.166
7.874,-0.164
7.875,-0.162
7.876,-0.167
7.877,-0.166
7.878,-0.164
7.879,-0.162
7.880,-0.167
7.881,-0.169
7.882,-0.170
7.883,-0.175
7.884,-0.173
7.885,-0.178
7.886,-0.174
7.887,-0.175
7.888,-0.178
7.889,-0.178
7.890,-0.174
7.891,-0.169
7.892,-0.169
7.893,-0.169
7.894,-0.169
7.895,-0.166
7.896,-0.164
7.897,-0.166
7.898,-0.166
7.899,-0.166
7.900,-0.167
7.901,-0.169
7.902,-0.168
7.903,-0.169
7.904,-0.169
7.905,-0.172
7.906,-0.169
7.907,-0.169
7.908,-0.168
7.909,-0.166
7.910,-0.164
7.911,-0.162
7.912,-0.156
7.913,-0.159
7.914,-0.167
7.915,-0.172
7.916,-0.176
7.917,-0.194
7.918,-0.209
7.919,-0.228
7.920,-0.252
7.921,-0.275
7.922,-0.298
7.923,-0.316
7.924,-0.312
7.925,-0.306
7.926,-0.291
7.927,-0.266
7.928,-0.243
7.929,-0.212
7.930,-0.175
7.931,-0.131
7.932,-0.080
7.933,-0.031
7.934,0.008
7.935,0.059
7.936,0.114
7.937,0.169
7.938,0.227
7.939,0.288
7.940,0.370
7.941,0.475
7.942,0.567
7.943,0.666
7.944,0.770
7.945,0.869
7.946,0.984
7.947,1.103
7.948,1.208
7.949,1.306
7.950,1.375
7.951,1.428
7.952,1.458
7.953,1.472
7.954,1.476
7.955,1.459
7.956,1.424
7.957,1.387
7.958,1.336
7.959,1.291
7.960,1.239
7.961,1.163
7.962,1.089
7.963,0.978
7.964,0.847
7.965,0.722
7.966,0.606
7.967,0.494
7.968,0.414
7.969,0.347
7.970,0.308
7.971,0.278
7.972,0.238
7.973,0.197
7.974,0.166
7.975,0.131
7.976,0.100
7.977,0.066
7.978,0.038
7.979,0.022
7.980,0.014
7.981,0.003
7.982,-0.009
7.983,-0.016
7.984,-0.017
7.985,-0.016
7.986,-0.009
7.987,-0.003
7.988,0.002
7.989,0.003
7.990,0.000
7.991,-0.009
7.992,-0.017
7.993,-0.022
7.994,-0.027
7.995,-0.031
7.996,-0.038
7.997,-0.044
7.998,-0.045
7.999,-0.053
8.000,-0.058
8.001,-0.059
8.002,-0.069
8.003,-0.075
8.004,-0.079
8.005,-0.084
8.006,-0.091
8.007,-0.091
8.008,-0.099
8.009,-0.097
8.010,-0.100
8.011,-0.103
8.012,-0.099
8.013,-0.097
8.014,-0.101
8.015,-0.106
8.016,-0.108
8.017,-0.109
8.018,-0.108
8.019,-0.109
8.020,-0.106
8.021,-0.106
8.022,-0.109
8.023,-0.109
8.024,-0.108
8.025,-0.109
8.026,-0.109
8.027,-0.109
8.028,-0.111
8.029,-0.109
8.030,-0.111
8.031,-0.116
8.032,-0.112
8.033,-0.116
8.034,-0.116
8.035,-0.116
8.036,-0.112
8.037,-0.112
8.038,-0.109
8.039,-0.109
8.040,-0.109
8.041,-0.109
8.042,-0.108
8.043,-0.109
8.044,-0.106
8.045,-0.106
8.046,-0.103
8.047,-0.103
8.048,-0.103
8.049,-0.103
8.050,-0.103
8.051,-0.103
8.052,-0.108
8.053,-0.106
8.054,-0.103
8.055,-0.103
8.056,-0.104
8.057,-0.106
8.058,-0.103
8.059,-0.106
8.060,-0.100
8.061,-0.097
8.062,-0.096
8.063,-0.094
8.064,-0.094
8.065,-0.097
8.066,-0.094
8.067,-0.097
8.068,-0.097
8.069,-0.097
8.070,-0.097
8.071,-0.094
8.072,-0.089
8.073,-0.088
8.074,-0.086
8.075,-0.084
8.076,-0.088
8.077,-0.088
8.078,-0.086
8.079,-0.081
8.080,-0.082
8.081,-0.081
8.082,-0.078
8.083,-0.075
8.084,-0.074
8.085,-0.069
8.086,-0.069
8.087,-0.069
8.088,-0.075
8.089,-0.081
8.090,-0.077
8.091,-0.075
8.092,-0.072
8.093,-0.069
8.094,-0.066
8.095,-0.066
8.096,-0.064
8.097,-0.062
8.098,-0.064
8.099,-0.059
8.100,-0.058
8.101,-0.059
8.102,-0.056
8.103,-0.056
8.104,-0.059
8.105,-0.059
8.106,-0.056
8.107,-0.050
8.108,-0.050
8.109,-0.047
8.110,-0.048
8.111,-0.047
8.112,-0.045
8.113,-0.047
8.114,-0.038
8.115,-0.034
8.116,-0.034
8.117,-0.034
8.118,-0.036
8.119,-0.034
8.120,-0.028
8.121,-0.025
8.122,-0.021
8.123,-0.016
8.124,-0.017
8.125,-0.016
8.126,-0.016
8.127,-0.016
8.128,-0.011
8.129,-0.006
8.130,-0.009
8.131,-0.012
8.132,-0.012
8.133,-0.012
8.134,-0.011
8.135,0.000
8.136,0.002
8.137,0.000
8.138,-0.004
8.139,-0.006
8.140,-0.004
8.141,-0.006
8.142,-0.002
8.143,0.003
8.144,0.009
8.145,0.009
8.146,0.014
8.147,0.016
8.148,0.014
8.149,0.016
8.150,0.014
8.151,0.016
8.152,0.019
8.153,0.022
8.154,0.024
8.155,0.025
8.156,0.026
8.157,0.028
8.158,0.036
8.159,0.041
8.160,0.042
8.161,0.047
8.162,0.044
8.163,0.047
8.164,0.053
8.165,0.056
8.166,0.061
8.167,0.066
8.168,0.056
8.169,0.050
8.170,0.052
8.171,0.053
8.172,0.053
8.173,0.059
8.174,0.069
8.175,0.072
8.176,0.074
8.177,0.072
8.178,0.078
8.179,0.081
8.180,0.089
8.181,0.100
8.182,0.100
8.183,0.097
8.184,0.102
8.185,0.103
8.186,0.105
8.187,0.103
8.188,0.112
8.189,0.116
8.190,0.116
8.191,0.122
8.192,0.124
8.193,0.128
8.194,0.130
8.195,0.128
8.196,0.132
8.197,0.138
8.198,0.144
8.199,0.153
8.200,0.159
8.201,0.162
8.202,0.164
8.203,0.159
8.204,0.167
8.205,0.169
8.206,0.175
8.207,0.172
8.208,0.176
8.209,0.181
8.210,0.188
8.211,0.191
8.212,0.189
8.213,0.194
8.214,0.203
8.215,0.206
8.216,0.212
8.217,0.216
8.218,0.217
8.219,0.216
8.220,0.217
8.221,0.222
8.222,0.230
8.223,0.228
8.224,0.232
8.225,0.238
8.226,0.245
8.227,0.247
8.228,0.250
8.229,0.250
8.230,0.247
8.231,0.250
8.232,0.258
8.233,0.266
8.234,0.267
8.235,0.272
8.236,0.274
8.237,0.275
8.238,0.283
8.239,0.288
8.240,0.289
8.241,0.291
8.242,0.295
8.243,0.300
8.244,0.306
8.245,0.312
8.246,0.320
8.247,0.328
8.248,0.329
8.249,0.331
8.250,0.334
8.251,0.338
8.252,0.341
8.253,0.341
8.254,0.347
8.255,0.356
8.256,0.358
8.257,0.362
8.258,0.367
8.259,0.375
8.260,0.379
8.261,0.381
8.262,0.384
8.263,0.384
8.264,0.381
8.265,0.381
8.266,0.386
8.267,0.391
8.268,0.389
8.269,0.394
8.270,0.397
8.271,0.397
8.272,0.393
8.273,0.391
8.274,0.386
8.275,0.388
8.276,0.389
8.277,0.391
8.278,0.389
8.279,0.388
8.280,0.381
8.281,0.378
8.282,0.371
8.283,0.366
8.284,0.367
8.285,0.362
8.286,0.358
8.287,0.353
8.288,0.353
8.289,0.347
8.290,0.339
8.291,0.331
8.292,0.324
8.293,0.312
8.294,0.312
8.295,0.309
8.296,0.303
8.297,0.294
8.298,0.281
8.299,0.275
8.300,0.269
8.301,0.262
8.302,0.256
8.303,0.253
8.304,0.248
8.305,0.244
8.306,0.224
8.307,0.209
8.308,0.194
8.309,0.181
8.310,0.182
8.311,0.184
8.312,0.178
8.313,0.175
8.314,0.162
8.315,0.150
8.316,0.147
8.317,0.141
8.318,0.133
8.319,0.125
8.320,0.125
8.321,0.122
8.322,0.103
8.323,0.084
8.324,0.075
8.325,0.066
8.326,0.066
8.327,0.062
8.328,0.059
8.329,0.059
8.330,0.054
8.331,0.053
8.332,0.044
8.333,0.038
8.334,0.034
8.335,0.028
8.336,0.028
8.337,0.028
8.338,0.016
8.339,0.009
8.340,0.005
8.341,-0.006
8.342,-0.006
8.343,-0.009
8.344,-0.014
8.345,-0.016
8.346,-0.011
8.347,-0.016
8.348,-0.022
8.349,-0.022
8.350,-0.019
8.351,-0.019
8.352,-0.020
8.353,-0.022
8.354,-0.023
8.355,-0.028
8.356,-0.034
8.357,-0.038
8.358,-0.036
8.359,-0.038
8.360,-0.038
8.361,-0.041
8.362,-0.042
8.363,-0.044
8.364,-0.044
8.365,-0.044
8.366,-0.042
8.367,-0.041
8.368,-0.041
8.369,-0.041
8.370,-0.044
8.371,-0.047
8.372,-0.049
8.373,-0.047
8.374,-0.051
8.375,-0.053
8.376,-0.056
8.377,-0.062
8.378,-0.059
8.379,-0.056
8.380,-0.050
8.381,-0.050
8.382,-0.050
8.383,-0.050
8.384,-0.050
8.385,-0.050
8.386,-0.054
8.387,-0.056
8.388,-0.061
8.389,-0.066
8.390,-0.068
8.391,-0.066
8.392,-0.068
8.393,-0.069
8.394,-0.062
8.395,-0.066
8.396,-0.066
8.397,-0.066
8.398,-0.066
8.399,-0.066
8.400,-0.064
8.401,-0.066
8.402,-0.061
8.403,-0.056
8.404,-0.059
8.405,-0.062
8.406,-0.066
8.407,-0.069
8.408,-0.066
8.409,-0.062
8.410,-0.069
8.411,-0.075
8.412,-0.075
8.413,-0.075
8.414,-0.078
8.415,-0.075
8.416,-0.075
8.417,-0.078
8.418,-0.074
8.419,-0.072
8.420,-0.072
8.421,-0.075
8.422,-0.073
8.423,-0.078
8.424,-0.080
8.425,-0.081
8.426,-0.081
8.427,-0.081
8.428,-0.082
8.429,-0.081
8.430,-0.078
8.431,-0.075
8.432,-0.075
8.433,-0.069
8.434,-0.072
8.435,-0.075
8.436,-0.084
8.437,-0.088
8.438,-0.084
8.439,-0.081
8.440,-0.081
8.441,-0.081
8.442,-0.081
8.443,-0.084
8.444,-0.086
8.445,-0.088
8.446,-0.089
8.447,-0.088
8.448,-0.088
8.449,-0.081
8.450,-0.079
8.451,-0.081
8.452,-0.089
8.453,-0.094
8.454,-0.094
8.455,-0.091
8.456,-0.086
8.457,-0.088
8.458,-0.088
8.459,-0.088
8.460,-0.091
8.461,-0.097
8.462,-0.097
8.463,-0.100
8.464,-0.100
8.465,-0.100
8.466,-0.100
8.467,-0.103
8.468,-0.108
8.469,-0.109
8.470,-0.109
8.471,-0.109
8.472,-0.111
8.473,-0.112
8.474,-0.109
8.475,-0.106
8.476,-0.108
8.477,-0.106
8.478,-0.105
8.479,-0.103
8.480,-0.103
8.481,-0.103
8.482,-0.102
8.483,-0.100
8.484,-0.097
8.485,-0.097
8.486,-0.101
8.487,-0.103
8.488,-0.100
8.489,-0.097
8.490,-0.104
8.491,-0.109
8.492,-0.116
8.493,-0.116
8.494,-0.112
8.495,-0.109
8.496,-0.108
8.497,-0.106
8.498,-0.105
8.499,-0.097
8.500,-0.098
8.501,-0.100
8.502,-0.106
8.503,-0.116
8.504,-0.112
8.505,-0.116
8.506,-0.116
8.507,-0.119
8.508,-0.120
8.509,-0.122
8.510,-0.119
8.511,-0.119
8.512,-0.112
8.513,-0.109
8.514,-0.105
8.515,-0.106
8.516,-0.111
8.517,-0.116
8.518,-0.119
8.519,-0.122
8.520,-0.121
8.521,-0.119
8.522,-0.111
8.523,-0.103
8.524,-0.101
8.525,-0.103
8.526,-0.109
8.527,-0.116
8.528,-0.112
8.529,-0.106
8.530,-0.106
8.531,-0.106
8.532,-0.109
8.533,-0.109
8.534,-0.116
8.535,-0.125
8.536,-0.125
8.537,-0.125
8.538,-0.126
8.539,-0.125
8.540,-0.119
8.541,-0.116
8.542,-0.118
8.543,-0.116
8.544,-0.112
8.545,-0.112
8.546,-0.117
8.547,-0.119
8.548,-0.118
8.549,-0.119
8.550,-0.120
8.551,-0.122
8.552,-0.118
8.553,-0.112
8.554,-0.114
8.555,-0.112
8.556,-0.114
8.557,-0.116
8.558,-0.116
8.559,-0.112
8.560,-0.111
8.561,-0.116
8.562,-0.112
8.563,-0.112
8.564,-0.109
8.565,-0.109
8.566,-0.114
8.567,-0.119
8.568,-0.123
8.569,-0.125
8.570,-0.121
8.571,-0.112
8.572,-0.109
8.573,-0.112
8.574,-0.122
8.575,-0.134
8.576,-0.134
8.577,-0.134
8.578,-0.131
8.579,-0.125
8.580,-0.128
8.581,-0.131
8.582,-0.133
8.583,-0.128
8.584,-0.127
8.585,-0.125
8.586,-0.124
8.587,-0.125
8.588,-0.125
8.589,-0.125
8.590,-0.127
8.591,-0.122
8.592,-0.119
8.593,-0.122
8.594,-0.126
8.595,-0.131
8.596,-0.131
8.597,-0.125
8.598,-0.122
8.599,-0.122
8.600,-0.119
8.601,-0.119
8.602,-0.122
8.603,-0.125
8.604,-0.129
8.605,-0.131
8.606,-0.138
8.607,-0.141
8.608,-0.139
8.609,-0.141
8.610,-0.136
8.611,-0.131
8.612,-0.131
8.613,-0.131
8.614,-0.132
8.615,-0.134
8.616,-0.128
8.617,-0.119
8.618,-0.108
8.619,-0.100
8.620,-0.103
8.621,-0.112
8.622,-0.122
8.623,-0.131
8.624,-0.129
8.625,-0.134
8.626,-0.131
8.627,-0.131
8.628,-0.127
8.629,-0.119
8.630,-0.119
8.631,-0.119
8.632,-0.122
8.633,-0.125
8.634,-0.124
8.635,-0.122
8.636,-0.125
8.637,-0.128
8.638,-0.128
8.639,-0.131
8.640,-0.130
8.641,-0.131
8.642,-0.132
8.643,-0.134
8.644,-0.134
8.645,-0.131
8.646,-0.130
8.647,-0.128
8.648,-0.131
8.649,-0.128
8.650,-0.128
8.651,-0.128
8.652,-0.129
8.653,-0.128
8.654,-0.128
8.655,-0.128
8.656,-0.128
8.657,-0.125
8.658,-0.116
8.659,-0.103
8.660,-0.109
8.661,-0.109
8.662,-0.119
8.663,-0.134
8.664,-0.139
8.665,-0.141
8.666,-0.138
8.667,-0.131
8.668,-0.130
8.669,-0.125
8.670,-0.128
8.671,-0.131
8.672,-0.130
8.673,-0.131
8.674,-0.124
8.675,-0.119
8.676,-0.116
8.677,-0.116
8.678,-0.125
8.679,-0.131
8.680,-0.136
8.681,-0.138
8.682,-0.133
8.683,-0.128
8.684,-0.125
8.685,-0.125
8.686,-0.125
8.687,-0.128
8.688,-0.125
8.689,-0.125
8.690,-0.131
8.691,-0.134
8.692,-0.141
8.693,-0.147
8.694,-0.138
8.695,-0.128
8.696,-0.125
8.697,-0.128
8.698,-0.132
8.699,-0.138
8.700,-0.133
8.701,-0.128
8.702,-0.127
8.703,-0.125
8.704,-0.128
8.705,-0.134
8.706,-0.138
8.707,-0.138
8.708,-0.139
8.709,-0.138
8.710,-0.127
8.711,-0.119
8.712,-0.116
8.713,-0.112
8.714,-0.119
8.715,-0.125
8.716,-0.129
8.717,-0.131
8.718,-0.124
8.719,-0.119
8.720,-0.125
8.721,-0.125
8.722,-0.124
8.723,-0.125
8.724,-0.128
8.725,-0.131
8.726,-0.129
8.727,-0.131
8.728,-0.131
8.729,-0.131
8.730,-0.130
8.731,-0.128
8.732,-0.132
8.733,-0.134
8.734,-0.141
8.735,-0.144
8.736,-0.141
8.737,-0.134
8.738,-0.132
8.739,-0.134
8.740,-0.139
8.741,-0.138
8.742,-0.138
8.743,-0.141
8.744,-0.138
8.745,-0.138
8.746,-0.136
8.747,-0.128
8.748,-0.124
8.749,-0.119
8.750,-0.119
8.751,-0.119
8.752,-0.120
8.753,-0.125
8.754,-0.122
8.755,-0.119
8.756,-0.125
8.757,-0.131
8.758,-0.134
8.759,-0.134
8.760,-0.136
8.761,-0.131
8.762,-0.124
8.763,-0.116
8.764,-0.117
8.765,-0.119
8.766,-0.126
8.767,-0.125
8.768,-0.125
8.769,-0.128
8.770,-0.131
8.771,-0.128
8.772,-0.128
8.773,-0.125
8.774,-0.124
8.775,-0.125
8.776,-0.125
8.777,-0.128
8.778,-0.125
8.779,-0.125
8.780,-0.119
8.781,-0.112
8.782,-0.125
8.783,-0.141
8.784,-0.142
8.785,-0.144
8.786,-0.138
8.787,-0.131
8.788,-0.134
8.789,-0.141
8.790,-0.144
8.791,-0.147
8.792,-0.153
8.793,-0.153
8.794,-0.147
8.795,-0.141
8.796,-0.144
8.797,-0.144
8.798,-0.145
8.799,-0.147
8.800,-0.144
8.801,-0.144
8.802,-0.134
8.803,-0.128
8.804,-0.127
8.805,-0.125
8.806,-0.122
8.807,-0.109
8.808,-0.112
8.809,-0.119
8.810,-0.126
8.811,-0.134
8.812,-0.141
8.813,-0.144
8.814,-0.141
8.815,-0.138
8.816,-0.130
8.817,-0.119
8.818,-0.108
8.819,-0.103
8.820,-0.106
8.821,-0.109
8.822,-0.111
8.823,-0.112
8.824,-0.102
8.825,-0.088
8.826,-0.086
8.827,-0.078
8.828,-0.073
8.829,-0.075
8.830,-0.072
8.831,-0.066
8.832,-0.056
8.833,-0.047
8.834,-0.036
8.835,-0.028
8.836,-0.018
8.837,-0.006
8.838,-0.011
8.839,-0.019
8.840,-0.021
8.841,-0.019
8.842,-0.014
8.843,-0.012
8.844,-0.017
8.845,-0.022
8.846,-0.031
8.847,-0.034
8.848,-0.031
8.849,-0.025
8.850,-0.021
8.851,-0.012
8.852,0.001
8.853,0.016
8.854,0.025
8.855,0.038
8.856,0.046
8.857,0.053
8.858,0.056
8.859,0.062
8.860,0.075
8.861,0.094
8.862,0.088
8.863,0.078
8.864,0.068
8.865,0.062
8.866,0.064
8.867,0.056
8.868,0.052
8.869,0.050
8.870,0.053
8.871,0.050
8.872,0.041
8.873,0.031
8.874,0.029
8.875,0.028
8.876,0.031
8.877,0.031
8.878,0.032
8.879,0.034
8.880,0.022
8.881,0.009
8.882,0.011
8.883,0.009
8.884,0.008
8.885,0.006
8.886,0.009
8.887,0.009
8.888,0.008
8.889,0.003
8.890,-0.011
8.891,-0.025
8.892,-0.028
8.893,-0.034
8.894,-0.044
8.895,-0.047
8.896,-0.047
8.897,-0.053
8.898,-0.055
8.899,-0.050
8.900,-0.061
8.901,-0.075
8.902,-0.088
8.903,-0.100
8.904,-0.103
8.905,-0.112
8.906,-0.119
8.907,-0.125
8.908,-0.130
8.909,-0.134
8.910,-0.134
8.911,-0.134
8.912,-0.134
8.913,-0.131
8.914,-0.138
8.915,-0.150
8.916,-0.149
8.917,-0.150
8.918,-0.156
8.919,-0.166
8.920,-0.162
8.921,-0.159
8.922,-0.158
8.923,-0.162
8.924,-0.166
8.925,-0.169
8.926,-0.168
8.927,-0.159
8.928,-0.162
8.929,-0.166
8.930,-0.169
8.931,-0.169
8.932,-0.166
8.933,-0.166
8.934,-0.162
8.935,-0.166
8.936,-0.159
8.937,-0.159
8.938,-0.159
8.939,-0.156
8.940,-0.152
8.941,-0.147
8.942,-0.156
8.943,-0.166
8.944,-0.167
8.945,-0.166
8.946,-0.162
8.947,-0.162
8.948,-0.164
8.949,-0.166
8.950,-0.166
8.951,-0.166
8.952,-0.169
8.953,-0.175
8.954,-0.162
8.955,-0.153
8.956,-0.158
8.957,-0.166
8.958,-0.170
8.959,-0.175
8.960,-0.164
8.961,-0.153
8.962,-0.149
8.963,-0.153
8.964,-0.158
8.965,-0.159
8.966,-0.166
8.967,-0.184
8.968,-0.203
8.969,-0.225
8.970,-0.254
8.971,-0.284
8.972,-0.302
8.973,-0.312
8.974,-0.306
8.975,-0.297
8.976,-0.281
8.977,-0.256
8.978,-0.231
8.979,-0.200
8.980,-0.159
8.981,-0.112
8.982,-0.072
8.983,-0.034
8.984,0.014
8.985,0.075
8.986,0.136
8.987,0.197
8.988,0.259
8.989,0.325
8.990,0.408
8.991,0.512
8.992,0.609
8.993,0.712
8.994,0.826
8.995,0.934
8.996,1.049
8.997,1.166
8.998,1.270
8.999,1.369
9.000,1.437
9.001,1.491
9.002,1.514
9.003,1.522
9.004,1.500
9.005,1.456
9.006,1.417
9.007,1.378
9.008,1.345
9.009,1.319
9.010,1.272
9.011,1.200
9.012,1.089
9.013,0.941
9.014,0.791
9.015,0.647
9.016,0.551
9.017,0.459
9.018,0.392
9.019,0.338
9.020,0.295
9.021,0.262
9.022,0.228
9.023,0.194
9.024,0.156
9.025,0.116
9.026,0.088
9.027,0.056
9.028,0.028
9.029,0.012
9.030,-0.011
9.031,-0.038
9.032,-0.053
9.033,-0.062
9.034,-0.058
9.035,-0.050
9.036,-0.048
9.037,-0.047
9.038,-0.039
9.039,-0.034
9.040,-0.027
9.041,-0.025
9.042,-0.028
9.043,-0.028
9.044,-0.030
9.045,-0.031
9.046,-0.033
9.047,-0.034
9.048,-0.033
9.049,-0.038
9.050,-0.050
9.051,-0.059
9.052,-0.059
9.053,-0.056
9.054,-0.059
9.055,-0.062
9.056,-0.079
9.057,-0.091
9.058,-0.108
9.059,-0.116
9.060,-0.103
9.061,-0.091
9.062,-0.086
9.063,-0.084
9.064,-0.094
9.065,-0.103
9.066,-0.094
9.067,-0.084
9.068,-0.094
9.069,-0.106
9.070,-0.109
9.071,-0.116
9.072,-0.116
9.073,-0.112
9.074,-0.109
9.075,-0.109
9.076,-0.111
9.077,-0.112
9.078,-0.108
9.079,-0.100
9.080,-0.100
9.081,-0.103
9.082,-0.100
9.083,-0.103
9.084,-0.104
9.085,-0.106
9.086,-0.102
9.087,-0.100
9.088,-0.096
9.089,-0.094
9.090,-0.095
9.091,-0.097
9.092,-0.100
9.093,-0.106
9.094,-0.096
9.095,-0.088
9.096,-0.086
9.097,-0.088
9.098,-0.091
9.099,-0.094
9.100,-0.095
9.101,-0.097
9.102,-0.094
9.103,-0.084
9.104,-0.088
9.105,-0.094
9.106,-0.092
9.107,-0.091
9.108,-0.089
9.109,-0.094
9.110,-0.092
9.111,-0.094
9.112,-0.092
9.113,-0.091
9.114,-0.088
9.115,-0.088
9.116,-0.084
9.117,-0.088
9.118,-0.088
9.119,-0.088
9.120,-0.075
9.121,-0.059
9.122,-0.053
9.123,-0.050
9.124,-0.064
9.125,-0.078
9.126,-0.082
9.127,-0.084
9.128,-0.088
9.129,-0.088
9.130,-0.086
9.131,-0.081
9.132,-0.077
9.133,-0.072
9.134,-0.071
9.135,-0.066
9.136,-0.072
9.137,-0.078
9.138,-0.078
9.139,-0.078
9.140,-0.076
9.141,-0.078
9.142,-0.071
9.143,-0.062
9.144,-0.062
9.145,-0.066
9.146,-0.069
9.147,-0.072
9.148,-0.064
9.149,-0.050
9.150,-0.030
9.151,-0.012
9.152,-0.011
9.153,-0.012
9.154,-0.023
9.155,-0.031
9.156,-0.038
9.157,-0.041
9.158,-0.041
9.159,-0.038
9.160,-0.034
9.161,-0.028
9.162,-0.025
9.163,-0.025
9.164,-0.029
9.165,-0.041
9.166,-0.042
9.167,-0.044
9.168,-0.041
9.169,-0.034
9.170,-0.027
9.171,-0.022
9.172,-0.023
9.173,-0.025
9.174,-0.026
9.175,-0.025
9.176,-0.022
9.177,-0.019
9.178,-0.012
9.179,-0.006
9.180,-0.009
9.181,-0.012
9.182,-0.016
9.183,-0.019
9.184,-0.019
9.185,-0.009
9.186,-0.008
9.187,-0.009
9.188,-0.008
9.189,-0.003
9.190,0.001
9.191,0.003
9.192,0.004
9.193,0.006
9.194,0.017
9.195,0.022
9.196,0.018
9.197,0.009
9.198,0.005
9.199,0.003
9.200,0.016
9.201,0.031
9.202,0.033
9.203,0.034
9.204,0.038
9.205,0.041
9.206,0.045
9.207,0.050
9.208,0.053
9.209,0.053
9.210,0.044
9.211,0.038
9.212,0.034
9.213,0.038
9.214,0.042
9.215,0.044
9.216,0.051
9.217,0.059
9.218,0.056
9.219,0.056
9.220,0.058
9.221,0.059
9.222,0.066
9.223,0.078
9.224,0.084
9.225,0.084
9.226,0.084
9.227,0.081
9.228,0.084
9.229,0.084
9.230,0.086
9.231,0.091
9.232,0.088
9.233,0.081
9.234,0.088
9.235,0.091
9.236,0.108
9.237,0.122
9.238,0.142
9.239,0.156
9.240,0.152
9.241,0.153
9.242,0.166
9.243,0.181
9.244,0.164
9.245,0.144
9.246,0.141
9.247,0.138
9.248,0.134
9.249,0.134
9.250,0.139
9.251,0.141
9.252,0.150
9.253,0.153
9.254,0.161
9.255,0.162
9.256,0.173
9.257,0.175
9.258,0.177
9.259,0.178
9.260,0.186
9.261,0.191
9.262,0.194
9.263,0.203
9.264,0.211
9.265,0.212
9.266,0.214
9.267,0.212
9.268,0.212
9.269,0.209
9.270,0.214
9.271,0.222
9.272,0.232
9.273,0.234
9.274,0.241
9.275,0.247
9.276,0.254
9.277,0.256
9.278,0.259
9.279,0.259
9.280,0.256
9.281,0.259
9.282,0.262
9.283,0.266
9.284,0.266
9.285,0.269
9.286,0.281
9.287,0.294
9.288,0.312
9.289,0.328
9.290,0.321
9.291,0.312
9.292,0.297
9.293,0.281
9.294,0.295
9.295,0.309
9.296,0.323
9.297,0.338
9.298,0.336
9.299,0.334
9.300,0.339
9.301,0.344
9.302,0.347
9.303,0.347
9.304,0.347
9.305,0.350
9.306,0.353
9.307,0.359
9.308,0.364
9.309,0.372
9.310,0.382
9.311,0.391
9.312,0.391
9.313,0.388
9.314,0.384
9.315,0.384
9.316,0.398
9.317,0.412
9.318,0.412
9.319,0.419
9.320,0.414
9.321,0.406
9.322,0.404
9.323,0.406
9.324,0.399
9.325,0.397
9.326,0.397
9.327,0.397
9.328,0.393
9.329,0.388
9.330,0.388
9.331,0.391
9.332,0.383
9.333,0.378
9.334,0.371
9.335,0.356
9.336,0.354
9.337,0.353
9.338,0.353
9.339,0.347
9.340,0.259
9.341,0.172
9.342,0.089
9.343,0.003
9.344,0.004
9.345,0.003
9.346,0.006
9.347,0.006
9.348,0.072
9.349,0.144
9.350,0.204
9.351,0.266
9.352,0.255
9.353,0.247
9.354,0.242
9.355,0.238
9.356,0.228
9.357,0.225
9.358,0.214
9.359,0.206
9.360,0.197
9.361,0.188
9.362,0.182
9.363,0.181
9.364,0.169
9.365,0.156
9.366,0.153
9.367,0.147
9.368,0.138
9.369,0.128
9.370,0.121
9.371,0.109
9.372,0.104
9.373,0.100
9.374,0.100
9.375,0.100
9.376,0.097
9.377,0.091
9.378,0.080
9.379,0.072
9.380,0.058
9.381,0.047
9.382,0.044
9.383,0.044
9.384,0.045
9.385,0.044
9.386,0.031
9.387,0.019
9.388,0.009
9.389,0.006
9.390,0.008
9.391,0.003
9.392,0.004
9.393,0.003
9.394,0.014
9.395,0.028
9.396,0.024
9.397,0.009
9.398,-0.012
9.399,-0.028
9.400,-0.034
9.401,-0.044
9.402,-0.045
9.403,-0.047
9.404,-0.048
9.405,-0.053
9.406,-0.053
9.407,-0.050
9.408,-0.049
9.409,-0.050
9.410,-0.046
9.411,-0.044
9.412,-0.039
9.413,-0.034
9.414,-0.039
9.415,-0.044
9.416,-0.044
9.417,-0.044
9.418,-0.044
9.419,-0.044
9.420,-0.042
9.421,-0.041
9.422,-0.044
9.423,-0.044
9.424,-0.047
9.425,-0.047
9.426,-0.047
9.427,-0.050
9.428,-0.050
9.429,-0.050
9.430,-0.047
9.431,-0.050
9.432,-0.051
9.433,-0.053
9.434,-0.052
9.435,-0.050
9.436,-0.053
9.437,-0.053
9.438,-0.054
9.439,-0.056
9.440,-0.066
9.441,-0.072
9.442,-0.072
9.443,-0.072
9.444,-0.062
9.445,-0.062
9.446,-0.062
9.447,-0.062
9.448,-0.056
9.449,-0.050
9.450,-0.059
9.451,-0.072
9.452,-0.073
9.453,-0.075
9.454,-0.075
9.455,-0.075
9.456,-0.075
9.457,-0.075
9.458,-0.072
9.459,-0.069
9.460,-0.069
9.461,-0.069
9.462,-0.069
9.463,-0.069
9.464,-0.072
9.465,-0.069
9.466,-0.068
9.467,-0.069
9.468,-0.075
9.469,-0.084
9.470,-0.083
9.471,-0.084
9.472,-0.080
9.473,-0.081
9.474,-0.084
9.475,-0.088
9.476,-0.089
9.477,-0.091
9.478,-0.092
9.479,-0.091
9.480,-0.089
9.481,-0.088
9.482,-0.092
9.483,-0.091
9.484,-0.091
9.485,-0.091
9.486,-0.096
9.487,-0.094
9.488,-0.091
9.489,-0.088
9.490,-0.091
9.491,-0.094
9.492,-0.095
9.493,-0.100
9.494,-0.099
9.495,-0.097
9.496,-0.097
9.497,-0.094
9.498,-0.098
9.499,-0.097
9.500,-0.094
9.501,-0.094
9.502,-0.098
9.503,-0.100
9.504,-0.104
9.505,-0.106
9.506,-0.108
9.507,-0.116
9.508,-0.112
9.509,-0.109
9.510,-0.106
9.511,-0.106
9.512,-0.102
9.513,-0.100
9.514,-0.097
9.515,-0.094
9.516,-0.092
9.517,-0.094
9.518,-0.100
9.519,-0.103
9.520,-0.106
9.521,-0.109
9.522,-0.108
9.523,-0.106
9.524,-0.105
9.525,-0.103
9.526,-0.112
9.527,-0.119
9.528,-0.123
9.529,-0.128
9.530,-0.127
9.531,-0.125
9.532,-0.119
9.533,-0.112
9.534,-0.116
9.535,-0.122
9.536,-0.123
9.537,-0.122
9.538,-0.122
9.539,-0.122
9.540,-0.122
9.541,-0.119
9.542,-0.123
9.543,-0.122
9.544,-0.123
9.545,-0.125
9.546,-0.125
9.547,-0.125
9.548,-0.129
9.549,-0.128
9.550,-0.128
9.551,-0.128
9.552,-0.125
9.553,-0.125
9.554,-0.122
9.555,-0.125
9.556,-0.123
9.557,-0.125
9.558,-0.125
9.559,-0.125
9.560,-0.121
9.561,-0.119
9.562,-0.116
9.563,-0.116
9.564,-0.117
9.565,-0.125
9.566,-0.122
9.567,-0.119
9.568,-0.119
9.569,-0.119
9.570,-0.122
9.571,-0.125
9.572,-0.129
9.573,-0.134
9.574,-0.131
9.575,-0.131
9.576,-0.133
9.577,-0.134
9.578,-0.138
9.579,-0.138
9.580,-0.139
9.581,-0.141
9.582,-0.141
9.583,-0.138
9.584,-0.133
9.585,-0.131
9.586,-0.128
9.587,-0.125
9.588,-0.124
9.589,-0.119
9.590,-0.119
9.591,-0.122
9.592,-0.126
9.593,-0.128
9.594,-0.122
9.595,-0.119
9.596,-0.116
9.597,-0.109
9.598,-0.114
9.599,-0.122
9.600,-0.131
9.601,-0.141
9.602,-0.141
9.603,-0.141
9.604,-0.144
9.605,-0.144
9.606,-0.141
9.607,-0.138
9.608,-0.141
9.609,-0.141
9.610,-0.141
9.611,-0.147
9.612,-0.144
9.613,-0.144
9.614,-0.136
9.615,-0.131
9.616,-0.131
9.617,-0.131
9.618,-0.136
9.619,-0.138
9.620,-0.134
9.621,-0.128
9.622,-0.121
9.623,-0.119
9.624,-0.120
9.625,-0.125
9.626,-0.129
9.627,-0.134
9.628,-0.130
9.629,-0.122
9.630,-0.122
9.631,-0.122
9.632,-0.126
9.633,-0.125
9.634,-0.125
9.635,-0.125
9.636,-0.125
9.637,-0.128
9.638,-0.129
9.639,-0.131
9.640,-0.138
9.641,-0.138
9.642,-0.134
9.643,-0.138
9.644,-0.136
9.645,-0.134
9.646,-0.139
9.647,-0.138
9.648,-0.133
9.649,-0.131
9.650,-0.130
9.651,-0.131
9.652,-0.130
9.653,-0.128
9.654,-0.136
9.655,-0.141
9.656,-0.142
9.657,-0.141
9.658,-0.139
9.659,-0.141
9.660,-0.141
9.661,-0.141
9.662,-0.136
9.663,-0.131
9.664,-0.130
9.665,-0.128
9.666,-0.132
9.667,-0.134
9.668,-0.136
9.669,-0.141
9.670,-0.138
9.671,-0.141
9.672,-0.139
9.673,-0.138
9.674,-0.131
9.675,-0.131
9.676,-0.127
9.677,-0.125
9.678,-0.129
9.679,-0.131
9.680,-0.136
9.681,-0.141
9.682,-0.138
9.683,-0.134
9.684,-0.127
9.685,-0.119
9.686,-0.120
9.687,-0.122
9.688,-0.126
9.689,-0.134
9.690,-0.136
9.691,-0.141
9.692,-0.138
9.693,-0.134
9.694,-0.133
9.695,-0.128
9.696,-0.128
9.697,-0.128
9.698,-0.132
9.699,-0.131
9.700,-0.134
9.701,-0.138
9.702,-0.141
9.703,-0.141
9.704,-0.138
9.705,-0.134
9.706,-0.136
9.707,-0.138
9.708,-0.139
9.709,-0.141
9.710,-0.141
9.711,-0.141
9.712,-0.141
9.713,-0.141
9.714,-0.141
9.715,-0.141
9.716,-0.141
9.717,-0.141
9.718,-0.141
9.719,-0.141
9.720,-0.136
9.721,-0.131
9.722,-0.132
9.723,-0.134
9.724,-0.138
9.725,-0.141
9.726,-0.142
9.727,-0.144
9.728,-0.141
9.729,-0.138
9.730,-0.138
9.731,-0.138
9.732,-0.138
9.733,-0.138
9.734,-0.138
9.735,-0.138
9.736,-0.138
9.737,-0.138
9.738,-0.134
9.739,-0.131
9.740,-0.134
9.741,-0.138
9.742,-0.139
9.743,-0.141
9.744,-0.141
9.745,-0.141
9.746,-0.144
9.747,-0.147
9.748,-0.147
9.749,-0.147
9.750,-0.144
9.751,-0.141
9.752,-0.141
9.753,-0.141
9.754,-0.142
9.755,-0.144
9.756,-0.144
9.757,-0.144
9.758,-0.144
9.759,-0.144
9.760,-0.142
9.761,-0.141
9.762,-0.141
9.763,-0.141
9.764,-0.144
9.765,-0.147
9.766,-0.146
9.767,-0.144
9.768,-0.144
9.769,-0.144
9.770,-0.144
9.771,-0.144
9.772,-0.144
9.773,-0.144
9.774,-0.145
9.775,-0.147
9.776,-0.142
9.777,-0.138
9.778,-0.138
9.779,-0.138
9.780,-0.139
9.781,-0.141
9.782,-0.142
9.783,-0.144
9.784,-0.144
9.785,-0.144
9.786,-0.139
9.787,-0.134
9.788,-0.136
9.789,-0.138
9.790,-0.144
9.791,-0.150
9.792,-0.151
9.793,-0.153
9.794,-0.150
9.795,-0.147
9.796,-0.144
9.797,-0.141
9.798,-0.142
9.799,-0.144
9.800,-0.144
9.801,-0.144
9.802,-0.147
9.803,-0.150
9.804,-0.150
9.805,-0.150
9.806,-0.146
9.807,-0.141
9.808,-0.141
9.809,-0.141
9.810,-0.139
9.811,-0.138
9.812,-0.139
9.813,-0.141
9.814,-0.142
9.815,-0.144
9.816,-0.141
9.817,-0.138
9.818,-0.138
9.819,-0.138
9.820,-0.138
9.821,-0.138
9.822,-0.139
9.823,-0.141
9.824,-0.141
9.825,-0.141
9.826,-0.144
9.827,-0.147
9.828,-0.146
9.829,-0.144
9.830,-0.142
9.831,-0.141
9.832,-0.141
9.833,-0.141
9.834,-0.141
9.835,-0.141
9.836,-0.136
9.837,-0.131
9.838,-0.132
9.839,-0.134
9.840,-0.133
9.841,-0.131
9.842,-0.128
9.843,-0.125
9.844,-0.125
9.845,-0.125
9.846,-0.116
9.847,-0.106
9.848,-0.100
9.849,-0.094
9.850,-0.088
9.851,-0.081
9.852,-0.075
9.853,-0.069
9.854,-0.058
9.855,-0.047
9.856,-0.047
9.857,-0.047
9.858,-0.039
9.859,-0.031
9.860,-0.030
9.861,-0.028
9.862,-0.024
9.863,-0.019
9.864,-0.020
9.865,-0.022
9.866,-0.025
9.867,-0.028
9.868,-0.029
9.869,-0.031
9.870,-0.031
9.871,-0.031
9.872,-0.027
9.873,-0.022
9.874,-0.012
9.875,-0.003
9.876,0.008
9.877,0.019
9.878,0.025
9.879,0.031
9.880,0.038
9.881,0.044
9.882,0.051
9.883,0.059
9.884,0.061
9.885,0.062
9.886,0.062
9.887,0.062
9.888,0.058
9.889,0.053
9.890,0.044
9.891,0.034
9.892,0.030
9.893,0.025
9.894,0.026
9.895,0.028
9.896,0.024
9.897,0.019
9.898,0.014
9.899,0.009
9.900,0.011
9.901,0.012
9.902,0.009
9.903,0.006
9.904,0.005
9.905,0.003
9.906,0.000
9.907,-0.003
9.908,-0.004
9.909,-0.006
9.910,-0.009
9.911,-0.012
9.912,-0.020
9.913,-0.028
9.914,-0.031
9.915,-0.034
9.916,-0.042
9.917,-0.050
9.918,-0.059
9.919,-0.069
9.920,-0.075
9.921,-0.081
9.922,-0.086
9.923,-0.091
9.924,-0.094
9.925,-0.097
9.926,-0.103
9.927,-0.109
9.928,-0.119
9.929,-0.128
9.930,-0.134
9.931,-0.141
9.932,-0.144
9.933,-0.147
9.934,-0.148
9.935,-0.150
9.936,-0.156
9.937,-0.162
9.938,-0.164
9.939,-0.166
9.940,-0.169
9.941,-0.172
9.942,-0.173
9.943,-0.175
9.944,-0.172
9.945,-0.169
9.946,-0.169
9.947,-0.169
9.948,-0.164
9.949,-0.159
9.950,-0.161
9.951,-0.162
9.952,-0.164
9.953,-0.166
9.954,-0.164
9.955,-0.162
9.956,-0.162
9.957,-0.162
9.958,-0.170
9.959,-0.178
9.960,-0.178
9.961,-0.178
9.962,-0.178
9.963,-0.178
9.964,-0.172
9.965,-0.166
9.966,-0.167
9.967,-0.169
9.968,-0.169
9.969,-0.169
9.970,-0.173
9.971,-0.178
9.972,-0.175
9.973,-0.172
9.974,-0.179
9.975,-0.188
9.976,-0.184
9.977,-0.181
9.978,-0.180
9.979,-0.178
9.980,-0.172
9.981,-0.166
9.982,-0.162
9.983,-0.159
9.984,-0.159
9.985,-0.159
9.986,-0.167
9.987,-0.175
9.988,-0.188
9.989,-0.200
9.990,-0.222
9.991,-0.244
9.992,-0.266
9.993,-0.288
9.994,-0.301
9.995,-0.316
9.996,-0.311
9.997,-0.306
9.998,-0.289
9.999,-0.272
